AQL60X.DAT;1
AQUILA
OSTRANDER
60K  59343.
 alpha   Cl
 -7.11 -0.38
 -6.70 -0.35
 -6.27 -0.29
 -5.87 -0.27
 -5.47 -0.24
 -5.06 -0.19
 -4.63 -0.14
 -4.25 -0.08
 -3.82 -0.03
 -3.40  0.03
 -3.00  0.09
 -2.61  0.13
 -2.17  0.18
 -1.78  0.20
 -1.37  0.26
 -0.95  0.31
 -0.56  0.33
 -0.14  0.37
  0.26  0.40
  0.68  0.44
  1.08  0.47
  1.49  0.50
  1.89  0.54
  2.30  0.58
  2.71  0.61
  3.12  0.64
  3.52  0.70
  3.94  0.73
  4.34  0.75
  4.74  0.80
  5.15  0.81
  5.55  0.86
  5.96  0.90
  6.37  0.94
  6.79  0.98
  7.20  1.01
  7.59  1.04
  8.01  1.06
  8.40  1.08
  8.81  1.12
  9.22  1.12
  9.63  1.13
 10.02  1.13
 10.41  1.10
 10.76  0.88
 11.16  0.88
 11.58  0.92
 11.98  0.89
 12.40  0.99
 12.76  0.88
 13.16  0.91
 13.57  0.90
 13.95  0.79
 14.37  0.86
 14.76  0.78
 15.13  0.77
 15.56  0.86
 15.96  0.86
 16.36  0.88
 16.75  0.81
 17.15  0.86
 17.55  0.83
 17.94  0.81
 18.34  0.82
 18.75  0.84
 19.15  0.85
 19.21  0.86
 18.86  0.83
 18.46  0.81
 18.06  0.84
 17.65  0.83
 17.26  0.90
 16.84  0.81
 16.47  0.82
 16.07  0.93
 15.65  0.83
 15.27  0.84
 14.84  0.82
 14.46  0.86
 14.05  0.86
 13.68  0.90
 13.25  0.87
 12.85  0.84
 12.46  0.77
 12.06  0.86
 11.69  0.98
 11.26  0.89
 10.85  0.88
 10.47  0.84
 10.07  0.86
  9.73  1.15
  9.32  1.12
  8.93  1.13
  8.52  1.07
  8.09  1.05
  7.71  1.03
  7.30  1.01
  6.88  0.97
  6.48  0.92
  6.07  0.90
  5.66  0.85
  5.26  0.85
  4.85  0.79
  4.46  0.78
  4.05  0.75
  3.64  0.73
  3.22  0.68
  2.82  0.65
  2.40  0.60
  2.00  0.59
  1.59  0.54
  1.20  0.52
  0.79  0.47
  0.37  0.43
 -0.03  0.40
 -0.42  0.36
 -0.85  0.34
 -1.24  0.29
 -1.66  0.24
 -2.09  0.19
 -2.47  0.15
 -2.90  0.10
 -3.32  0.04
 -3.72 -0.01
 -4.14 -0.07
 -4.55 -0.11
 -4.95 -0.16
 -5.36 -0.20
 -5.76 -0.21
 -6.16 -0.25
 -6.56 -0.27
 -6.97 -0.28
