AQL100X.DAT;1
AQUILA
OSTRANDER
100K  101444.
 alpha   Cl
 -7.10 -0.38
 -6.67 -0.35
 -6.28 -0.33
 -5.89 -0.28
 -5.48 -0.22
 -5.06 -0.16
 -4.64 -0.11
 -4.22 -0.06
 -3.81 -0.01
 -3.41  0.03
 -3.00  0.07
 -2.60  0.11
 -2.17  0.15
 -1.79  0.18
 -1.38  0.22
 -0.95  0.26
 -0.56  0.29
 -0.13  0.34
  0.26  0.37
  0.66  0.41
  1.07  0.45
  1.49  0.50
  1.88  0.54
  2.29  0.57
  2.71  0.61
  3.12  0.65
  3.52  0.69
  3.93  0.72
  4.33  0.75
  4.75  0.80
  5.15  0.83
  5.56  0.87
  5.96  0.90
  6.38  0.94
  6.78  0.98
  7.19  1.01
  7.59  1.04
  8.01  1.07
  8.41  1.11
  8.83  1.13
  9.22  1.17
  9.62  1.20
 10.03  1.22
 10.44  1.23
 10.85  1.25
 11.26  1.26
 11.65  1.27
 12.05  1.29
 12.45  1.29
 12.85  1.29
 13.26  1.28
 13.65  1.29
 14.05  1.27
 14.44  1.25
 14.83  1.25
 15.18  0.87
 15.58  0.89
 15.97  0.86
 16.39  0.92
 16.76  0.87
 17.17  0.87
 17.57  0.86
 17.96  0.86
 18.36  0.85
 18.76  0.87
 19.17  0.84
 19.23  0.89
 18.87  0.88
 18.45  0.88
 18.07  0.91
 17.65  0.87
 17.27  0.87
 16.86  0.88
 16.49  0.90
 16.07  0.91
 15.68  0.86
 15.27  0.87
 14.87  0.92
 14.48  0.96
 14.08  0.86
 13.68  0.90
 13.30  0.98
 12.88  0.90
 12.46  0.92
 12.18  1.26
 11.77  1.28
 11.36  1.26
 10.95  1.25
 10.55  1.23
 10.15  1.22
  9.74  1.20
  9.33  1.17
  8.92  1.15
  8.53  1.12
  8.11  1.09
  7.70  1.06
  7.28  1.01
  6.89  0.98
  6.48  0.95
  6.06  0.91
  5.68  0.88
  5.25  0.84
  4.86  0.80
  4.44  0.76
  4.03  0.73
  3.64  0.70
  3.23  0.66
  2.81  0.62
  2.41  0.58
  1.98  0.54
  1.59  0.51
  1.18  0.47
  0.78  0.43
  0.35  0.38
 -0.04  0.35
 -0.45  0.30
 -0.87  0.27
 -1.26  0.23
 -1.67  0.19
 -2.09  0.15
 -2.50  0.11
 -2.89  0.08
 -3.29  0.04
 -3.70  0.00
 -4.11 -0.05
 -4.53 -0.10
 -4.93 -0.15
 -5.37 -0.22
 -5.78 -0.28
 -6.19 -0.31
 -6.57 -0.33
 -7.00 -0.36
