AQL80X.DAT;1
AQUILA
OSTRANDER
80K  78441.
 alpha   Cl
 -7.10 -0.35
 -6.69 -0.31
 -6.28 -0.31
 -5.89 -0.28
 -5.47 -0.23
 -5.05 -0.18
 -4.65 -0.12
 -4.21 -0.05
 -3.82 -0.01
 -3.42  0.04
 -3.01  0.08
 -2.60  0.13
 -2.18  0.17
 -1.77  0.20
 -1.38  0.23
 -0.97  0.27
 -0.56  0.31
 -0.15  0.35
  0.27  0.39
  0.68  0.43
  1.08  0.47
  1.49  0.51
  1.89  0.54
  2.32  0.59
  2.71  0.61
  3.12  0.65
  3.53  0.68
  3.95  0.71
  4.34  0.76
  4.75  0.79
  5.16  0.83
  5.57  0.85
  5.98  0.89
  6.37  0.92
  6.80  0.96
  7.19  1.00
  7.60  1.03
  8.01  1.06
  8.42  1.08
  8.82  1.11
  9.22  1.15
  9.62  1.17
 10.02  1.17
 10.44  1.21
 10.83  1.23
 11.24  1.23
 11.64  1.23
 12.05  1.25
 12.44  1.26
 12.84  1.23
 13.15  0.83
 13.55  0.85
 13.96  0.84
 14.36  0.87
 14.78  0.87
 15.15  0.86
 15.56  0.83
 15.95  0.81
 16.36  0.80
 16.76  0.81
 17.16  0.86
 17.55  0.85
 17.94  0.83
 18.34  0.85
 18.76  0.87
 19.15  0.82
 19.19  0.85
 18.83  0.83
 18.48  0.88
 18.04  0.79
 17.67  0.86
 17.25  0.81
 16.87  0.83
 16.49  0.85
 16.05  0.80
 15.66  0.86
 15.28  0.83
 14.84  0.83
 14.45  0.83
 14.07  0.85
 13.68  0.85
 13.26  0.85
 12.85  0.86
 12.45  0.82
 12.06  0.82
 11.67  0.85
 11.27  0.85
 10.94  1.24
 10.55  1.21
 10.13  1.19
  9.74  1.18
  9.33  1.16
  8.93  1.13
  8.51  1.09
  8.11  1.07
  7.70  1.04
  7.30  1.00
  6.89  0.97
  6.47  0.93
  6.07  0.90
  5.67  0.86
  5.25  0.83
  4.84  0.79
  4.45  0.75
  4.04  0.72
  3.63  0.68
  3.22  0.65
  2.81  0.61
  2.41  0.58
  2.00  0.55
  1.59  0.51
  1.17  0.48
  0.77  0.43
  0.35  0.39
 -0.03  0.37
 -0.46  0.32
 -0.87  0.29
 -1.26  0.25
 -1.67  0.22
 -2.06  0.18
 -2.48  0.15
 -2.89  0.10
 -3.31  0.06
 -3.72  0.00
 -4.13 -0.06
 -4.52 -0.11
 -4.94 -0.17
 -5.38 -0.23
 -5.77 -0.27
 -6.18 -0.31
 -6.59 -0.31
 -6.99 -0.36
