CLL80WX.DAT;1
CLARK-Y
WATSON
80K  81710.
 alpha   Cl
 -6.09 -0.34
 -5.70 -0.31
 -5.28 -0.27
 -4.88 -0.23
 -4.45 -0.18
 -4.04 -0.14
 -3.63 -0.10
 -3.23 -0.06
 -2.83 -0.02
 -2.40  0.05
 -1.99  0.10
 -1.59  0.16
 -1.16  0.22
 -0.76  0.28
 -0.34  0.31
  0.06  0.36
  0.47  0.41
  0.88  0.45
  1.28  0.49
  1.70  0.54
  2.10  0.57
  2.50  0.61
  2.92  0.65
  3.32  0.69
  3.73  0.71
  4.13  0.75
  4.55  0.78
  4.96  0.82
  5.36  0.85
  5.77  0.89
  6.16  0.92
  6.58  0.95
  6.98  0.99
  7.39  1.02
  7.80  1.05
  8.20  1.08
  8.61  1.08
  9.02  1.13
  9.43  1.16
  9.82  1.17
 10.23  1.19
 10.63  1.19
 11.03  1.18
 11.42  1.20
 11.84  1.18
 12.24  1.19
 12.64  1.19
 13.02  1.19
 13.43  1.18
 13.84  1.17
 14.22  1.19
 14.59  1.08
 14.97  0.90
 15.36  0.85
 15.75  0.83
 16.16  0.83
 16.54  0.82
 16.95  0.80
 17.35  0.81
 17.07  0.83
 16.67  0.91
 16.25  0.84
 15.89  0.87
 15.48  0.88
 15.05  0.82
 14.67  0.87
 14.25  0.87
 13.90  0.98
 13.54  1.18
 13.15  1.19
 12.73  1.18
 12.34  1.20
 11.93  1.19
 11.53  1.19
 11.13  1.19
 10.74  1.19
 10.32  1.18
  9.94  1.16
  9.52  1.15
  9.11  1.12
  8.72  1.11
  8.31  1.08
  7.91  1.06
  7.50  1.02
  7.09  0.99
  6.68  0.95
  6.28  0.93
  5.88  0.89
  5.47  0.86
  5.07  0.83
  4.66  0.80
  4.25  0.76
  3.84  0.72
  3.43  0.67
  3.02  0.65
  2.61  0.61
  2.21  0.58
  1.80  0.55
  1.40  0.51
  0.97  0.46
  0.56  0.42
  0.17  0.37
 -0.24  0.31
 -0.67  0.26
 -1.08  0.21
 -1.49  0.15
 -1.90  0.09
 -2.30  0.05
 -2.73  0.00
 -3.14 -0.06
 -3.53 -0.10
 -3.94 -0.15
 -4.35 -0.19
 -4.77 -0.23
 -5.18 -0.27
 -5.59 -0.31
 -5.99 -0.35
