CLL100WX.DAT;1
CLARK-Y
WATSON
100K  98941.
 alpha   Cl
 -6.09 -0.34
 -5.70 -0.30
 -5.28 -0.26
 -4.87 -0.22
 -4.44 -0.17
 -4.04 -0.14
 -3.62 -0.10
 -3.22 -0.04
 -2.82  0.02
 -2.39  0.07
 -1.99  0.10
 -1.58  0.16
 -1.18  0.22
 -0.77  0.28
 -0.36  0.32
  0.07  0.37
  0.48  0.42
  0.88  0.46
  1.28  0.49
  1.69  0.54
  2.10  0.57
  2.52  0.62
  2.92  0.65
  3.33  0.69
  3.74  0.73
  4.14  0.76
  4.55  0.80
  4.96  0.83
  5.36  0.88
  5.77  0.91
  6.18  0.95
  6.58  0.98
  6.99  1.01
  7.41  1.04
  7.81  1.08
  8.21  1.11
  8.62  1.13
  9.02  1.15
  9.43  1.18
  9.82  1.18
 10.22  1.19
 10.62  1.20
 11.04  1.19
 11.43  1.18
 11.83  1.19
 12.24  1.19
 12.63  1.18
 13.03  1.18
 13.44  1.18
 13.83  1.18
 14.23  1.18
 14.63  1.17
 14.98  0.89
 15.36  0.88
 15.75  0.85
 16.15  0.84
 16.55  0.78
 16.95  0.81
 17.36  0.91
 17.04  0.80
 16.67  0.79
 16.26  0.82
 15.85  0.80
 15.49  0.94
 15.08  0.86
 14.67  0.89
 14.27  0.89
 13.86  0.91
 13.55  1.17
 13.14  1.18
 12.73  1.19
 12.33  1.18
 11.93  1.19
 11.54  1.18
 11.13  1.18
 10.74  1.18
 10.33  1.18
  9.93  1.19
  9.54  1.17
  9.12  1.15
  8.72  1.14
  8.31  1.09
  7.92  1.08
  7.51  1.04
  7.11  1.01
  6.70  0.99
  6.28  0.95
  5.88  0.90
  5.47  0.88
  5.06  0.85
  4.64  0.81
  4.25  0.78
  3.85  0.74
  3.44  0.71
  3.03  0.67
  2.61  0.63
  2.21  0.60
  1.80  0.55
  1.39  0.52
  0.97  0.48
  0.58  0.44
  0.17  0.40
 -0.24  0.36
 -0.66  0.31
 -1.06  0.25
 -1.48  0.19
 -1.88  0.13
 -2.30  0.09
 -2.72  0.04
 -3.10 -0.01
 -3.54 -0.07
 -3.95 -0.12
 -4.34 -0.15
 -4.76 -0.20
 -5.16 -0.23
 -5.58 -0.29
 -5.98 -0.32
