CLL60WX.DAT;1
CLARK-Y
WATSON
60K  60454.
 alpha   Cl
 -6.10 -0.36
 -5.68 -0.32
 -5.29 -0.29
 -4.86 -0.25
 -4.47 -0.22
 -4.06 -0.18
 -3.65 -0.15
 -3.25 -0.10
 -2.82 -0.07
 -2.43 -0.03
 -2.02  0.00
 -1.61  0.04
 -1.21  0.09
 -0.78  0.14
 -0.38  0.17
  0.04  0.24
  0.45  0.32
  0.86  0.36
  1.25  0.39
  1.69  0.49
  2.08  0.53
  2.51  0.58
  2.90  0.61
  3.33  0.64
  3.73  0.69
  4.15  0.73
  4.55  0.78
  4.96  0.83
  5.36  0.85
  5.76  0.84
  6.17  0.88
  6.57  0.92
  6.98  0.94
  7.39  0.99
  7.79  1.00
  8.19  1.05
  8.60  1.05
  9.02  1.09
  9.40  1.08
  9.81  1.12
 10.22  1.12
 10.61  1.10
 11.02  1.13
 11.43  1.12
 11.82  1.12
 12.22  1.18
 12.56  0.79
 12.97  0.91
 13.35  0.83
 13.74  0.82
 14.16  0.83
 14.54  0.82
 14.96  0.79
 15.35  0.79
 15.74  0.76
 16.15  0.81
 16.56  0.80
 16.93  0.76
 17.35  0.83
 17.07  0.78
 16.65  0.78
 16.24  0.75
 15.85  0.80
 15.45  0.78
 15.05  0.76
 14.64  0.79
 14.25  0.79
 13.85  0.77
 13.48  0.85
 13.07  0.84
 12.66  0.86
 12.26  0.84
 11.90  1.06
 11.51  1.11
 11.13  1.13
 10.73  1.13
 10.31  1.11
  9.90  1.08
  9.52  1.09
  9.12  1.10
  8.71  1.10
  8.31  1.06
  7.90  1.04
  7.50  1.03
  7.08  0.96
  6.68  0.97
  6.28  0.93
  5.87  0.89
  5.47  0.85
  5.06  0.81
  4.65  0.77
  4.24  0.76
  3.84  0.73
  3.43  0.67
  3.03  0.65
  2.61  0.60
  2.19  0.52
  1.77  0.47
  1.36  0.41
  0.95  0.37
  0.55  0.32
  0.15  0.26
 -0.26  0.22
 -0.69  0.17
 -1.09  0.11
 -1.49  0.07
 -1.92  0.04
 -2.32  0.00
 -2.70 -0.04
 -3.14 -0.08
 -3.53 -0.12
 -3.94 -0.15
 -4.35 -0.20
 -4.76 -0.23
 -5.18 -0.27
 -5.58 -0.30
 -5.97 -0.33
