DAEL60X.DAT;1
DAE51
ILLICK
60K  62483.
 alpha   Cl
 -6.10 -0.37
 -5.68 -0.33
 -5.31 -0.30
 -4.85 -0.25
 -4.45 -0.18
 -4.05 -0.13
 -3.63 -0.08
 -3.23 -0.03
 -2.83  0.02
 -2.39  0.06
 -2.01  0.11
 -1.59  0.14
 -1.18  0.19
 -0.76  0.27
 -0.36  0.33
  0.03  0.32
  0.48  0.38
  0.85  0.35
  1.27  0.44
  1.70  0.57
  2.13  0.62
  2.52  0.64
  2.93  0.69
  3.33  0.73
  3.75  0.76
  4.14  0.79
  4.55  0.81
  4.95  0.86
  5.39  0.88
  5.77  0.94
  6.20  0.99
  6.59  1.00
  7.00  1.01
  7.41  1.05
  7.80  1.07
  8.21  1.12
  8.62  1.13
  9.01  1.06
  9.42  1.14
  9.80  1.09
 10.21  1.13
 10.62  1.15
 11.03  1.17
 11.42  1.17
 11.84  1.17
 12.23  1.20
 12.62  1.18
 13.02  1.14
 13.42  1.16
 13.82  1.12
 14.17  0.90
 14.56  0.89
 14.97  0.88
 15.35  0.83
 15.76  0.88
 16.16  0.87
 16.59  0.87
 16.94  0.87
 17.35  0.83
 17.09  0.87
 16.68  0.91
 16.26  0.82
 15.87  0.87
 15.46  0.87
 15.07  0.87
 14.66  0.87
 14.29  0.97
 13.91  1.01
 13.50  1.05
 13.13  1.13
 12.74  1.18
 12.33  1.19
 11.93  1.17
 11.53  1.13
 11.13  1.15
 10.72  1.14
 10.31  1.11
  9.92  1.09
  9.52  1.10
  9.11  1.07
  8.71  1.10
  8.31  1.12
  7.89  1.04
  7.50  1.06
  7.09  1.04
  6.68  0.95
  6.29  0.98
  5.88  0.91
  5.49  0.92
  5.07  0.87
  4.66  0.81
  4.24  0.70
  3.83  0.69
  3.42  0.72
  3.03  0.71
  2.61  0.65
  2.21  0.56
  1.78  0.55
  1.36  0.42
  0.98  0.43
  0.57  0.37
  0.15  0.29
 -0.27  0.26
 -0.66  0.25
 -1.08  0.19
 -1.49  0.15
 -1.88  0.11
 -2.30  0.07
 -2.70  0.01
 -3.14 -0.02
 -3.54 -0.05
 -3.92 -0.11
 -4.34 -0.15
 -4.76 -0.20
 -5.17 -0.26
 -5.59 -0.32
 -5.98 -0.36
