DAEL100X.DAT;1
DAE51
ILLICK
100K  100727.
 alpha   Cl
 -6.10 -0.36
 -5.67 -0.29
 -5.26 -0.21
 -4.85 -0.13
 -4.43 -0.07
 -4.01 -0.01
 -3.59  0.04
 -3.20  0.09
 -2.79  0.14
 -2.38  0.19
 -1.95  0.24
 -1.57  0.29
 -1.16  0.34
 -0.74  0.38
 -0.34  0.43
  0.06  0.47
  0.50  0.52
  0.89  0.55
  1.30  0.60
  1.71  0.64
  2.11  0.68
  2.53  0.71
  2.94  0.75
  3.37  0.80
  3.76  0.83
  4.16  0.86
  4.58  0.90
  4.98  0.94
  5.38  0.98
  5.79  1.01
  6.20  1.05
  6.60  1.08
  7.01  1.10
  7.41  1.12
  7.82  1.14
  8.22  1.14
  8.62  1.16
  9.02  1.16
  9.44  1.17
  9.82  1.18
 10.22  1.19
 10.65  1.21
 11.04  1.22
 11.45  1.23
 11.84  1.23
 12.24  1.24
 12.64  1.24
 13.04  1.23
 13.44  1.24
 13.84  1.22
 14.23  1.22
 14.63  1.08
 15.05  1.27
 15.44  1.07
 15.79  1.05
 16.22  1.00
 16.58  0.99
 17.01  1.00
 17.39  0.99
 17.10  0.99
 16.69  1.01
 16.31  1.01
 15.91  1.04
 15.50  1.05
 15.10  1.05
 14.72  1.35
 14.39  1.22
 13.94  1.21
 13.54  1.23
 13.13  1.22
 12.74  1.24
 12.35  1.24
 11.95  1.23
 11.54  1.23
 11.13  1.22
 10.73  1.22
 10.34  1.20
  9.93  1.18
  9.53  1.17
  9.10  1.16
  8.73  1.16
  8.33  1.15
  7.92  1.14
  7.52  1.13
  7.11  1.11
  6.71  1.10
  6.30  1.07
  5.88  1.03
  5.51  0.99
  5.09  0.96
  4.68  0.92
  4.27  0.88
  3.86  0.84
  3.44  0.81
  3.04  0.77
  2.63  0.73
  2.23  0.69
  1.80  0.65
  1.40  0.61
  0.99  0.58
  0.59  0.54
  0.19  0.49
 -0.22  0.45
 -0.65  0.40
 -1.06  0.35
 -1.44  0.32
 -1.88  0.26
 -2.27  0.22
 -2.68  0.17
 -3.08  0.12
 -3.52  0.06
 -3.92  0.01
 -4.34 -0.04
 -4.73 -0.10
 -5.17 -0.18
 -5.58 -0.28
 -5.99 -0.33
