DAEL80X.DAT;1
DAE51
ILLICK
80K  80693.
 alpha   Cl
 -6.10 -0.36
 -5.66 -0.33
 -5.27 -0.27
 -4.85 -0.21
 -4.45 -0.14
 -4.04 -0.08
 -3.62 -0.04
 -3.21  0.02
 -2.79  0.07
 -2.39  0.13
 -1.99  0.17
 -1.57  0.21
 -1.15  0.25
 -0.76  0.30
 -0.34  0.36
  0.06  0.41
  0.48  0.46
  0.88  0.50
  1.28  0.55
  1.71  0.59
  2.11  0.63
  2.52  0.67
  2.94  0.72
  3.34  0.76
  3.75  0.79
  4.16  0.82
  4.55  0.86
  4.98  0.91
  5.38  0.94
  5.78  0.97
  6.19  1.00
  6.59  1.02
  7.01  1.08
  7.41  1.10
  7.81  1.10
  8.22  1.13
  8.61  1.13
  9.02  1.12
  9.43  1.14
  9.82  1.15
 10.23  1.15
 10.64  1.17
 11.03  1.18
 11.42  1.19
 11.83  1.19
 12.23  1.20
 12.64  1.21
 13.04  1.21
 13.43  1.18
 13.83  1.15
 14.23  1.15
 14.59  1.00
 15.05  1.19
 15.38  0.97
 15.79  0.92
 16.19  0.91
 16.59  0.92
 16.98  0.94
 17.38  0.97
 17.08  0.93
 16.68  0.95
 16.28  0.98
 15.88  0.98
 15.47  0.96
 15.09  1.06
 14.71  1.12
 14.31  1.06
 13.92  1.18
 13.53  1.19
 13.12  1.19
 12.74  1.18
 12.34  1.21
 11.93  1.20
 11.53  1.20
 11.12  1.18
 10.73  1.18
 10.31  1.17
  9.92  1.17
  9.52  1.15
  9.13  1.13
  8.72  1.12
  8.31  1.11
  7.92  1.11
  7.51  1.11
  7.11  1.08
  6.69  1.06
  6.31  1.02
  5.89  0.98
  5.49  0.96
  5.08  0.92
  4.67  0.89
  4.26  0.85
  3.86  0.82
  3.46  0.80
  3.03  0.74
  2.62  0.70
  2.22  0.65
  1.81  0.60
  1.40  0.57
  1.01  0.52
  0.58  0.48
  0.18  0.43
 -0.23  0.39
 -0.66  0.31
 -1.06  0.27
 -1.47  0.23
 -1.90  0.20
 -2.26  0.17
 -2.71  0.10
 -3.11  0.05
 -3.51  0.00
 -3.92 -0.04
 -4.33 -0.09
 -4.76 -0.17
 -5.18 -0.25
 -5.58 -0.32
 -5.98 -0.34
