E205L60REPX.DAT;2
E205B
REED
60K  58925.
 alpha   Cl
 -5.06 -0.29
 -4.67 -0.27
 -4.28 -0.22
 -3.85 -0.19
 -3.45 -0.17
 -3.03 -0.13
 -2.64 -0.10
 -2.23 -0.04
 -1.81  0.02
 -1.39  0.09
 -1.00  0.16
 -0.57  0.21
 -0.16  0.26
  0.24  0.30
  0.66  0.34
  1.05  0.36
  1.47  0.40
  1.87  0.43
  2.28  0.47
  2.68  0.50
  3.09  0.54
  3.50  0.56
  3.91  0.61
  4.32  0.64
  4.73  0.67
  5.12  0.70
  5.54  0.74
  5.93  0.76
  6.36  0.82
  6.76  0.85
  7.16  0.88
  7.59  0.92
  7.99  0.95
  8.38  0.96
  8.80  0.98
  9.20  1.04
  9.59  1.01
  9.99  1.01
 10.38  1.00
 10.80  1.04
 11.21  1.04
 11.60  1.04
 12.00  1.06
 12.41  1.07
 12.80  1.03
 13.19  1.03
 13.59  0.98
 13.98  0.92
 14.37  0.94
 14.79  0.99
 15.18  0.99
 15.56  0.93
 15.98  0.94
 16.38  0.97
 16.79  0.96
 17.18  0.95
 17.56  0.85
 17.96  0.84
 18.36  0.82
 18.75  0.83
 19.16  0.83
 19.21  0.88
 18.86  0.85
 18.47  0.83
 18.05  0.84
 17.67  0.84
 17.25  0.82
 16.86  0.82
 16.46  0.83
 16.08  0.87
 15.68  0.92
 15.27  0.95
 14.87  0.90
 14.48  0.97
 14.10  1.01
 13.70  1.01
 13.32  1.12
 12.92  1.07
 12.51  1.05
 12.11  1.05
 11.69  1.05
 11.32  1.07
 10.90  1.02
 10.50  1.04
 10.10  1.03
  9.69  1.02
  9.28  1.00
  8.89  0.99
  8.49  0.97
  8.09  0.94
  7.68  0.93
  7.27  0.92
  6.87  0.85
  6.45  0.82
  6.05  0.79
  5.65  0.76
  5.24  0.72
  4.83  0.70
  4.43  0.66
  4.02  0.63
  3.62  0.58
  3.19  0.54
  2.79  0.51
  2.40  0.50
  1.98  0.45
  1.57  0.43
  1.16  0.39
  0.77  0.35
  0.36  0.31
 -0.05  0.28
 -0.47  0.24
 -0.87  0.20
 -1.29  0.14
 -1.69  0.09
 -2.11  0.03
 -2.52 -0.02
 -2.94 -0.07
 -3.33 -0.13
 -3.77 -0.16
 -4.15 -0.20
 -4.55 -0.22
 -4.96 -0.26
