E205L40REPX.DAT;2
E205B
REED
40K  39528.
 alpha   Cl
 -5.07 -0.26
 -4.67 -0.23
 -4.27 -0.23
 -3.86 -0.21
 -3.44 -0.18
 -3.03 -0.13
 -2.63 -0.11
 -2.23 -0.07
 -1.82 -0.01
 -1.40  0.03
 -1.01  0.06
 -0.60  0.13
 -0.18  0.16
  0.24  0.22
  0.64  0.29
  1.04  0.25
  1.45  0.29
  1.85  0.33
  2.27  0.37
  2.68  0.45
  3.08  0.48
  3.50  0.53
  3.88  0.51
  4.29  0.52
  4.70  0.52
  5.11  0.58
  5.52  0.64
  5.91  0.67
  6.31  0.64
  6.72  0.70
  7.14  0.74
  7.55  0.79
  7.94  0.77
  8.34  0.81
  8.77  0.87
  9.16  0.83
  9.58  0.90
  9.98  0.94
 10.38  0.95
 10.80  1.02
 11.20  1.00
 11.59  0.99
 11.98  0.96
 12.39  0.98
 12.76  0.88
 13.19  0.97
 13.62  1.08
 13.98  0.96
 14.36  0.87
 14.78  0.94
 15.19  1.01
 15.58  0.94
 16.00  1.01
 16.36  0.90
 16.80  0.95
 17.16  0.88
 17.57  0.85
 17.94  0.84
 18.35  0.82
 18.74  0.76
 19.14  0.74
 19.22  0.89
 18.86  0.83
 18.47  0.85
 18.07  0.91
 17.69  0.85
 17.29  0.94
 16.88  0.93
 16.48  0.92
 16.09  0.98
 15.69  0.98
 15.28  0.98
 14.86  0.94
 14.53  1.08
 14.11  1.03
 13.68  0.97
 13.28  0.94
 12.87  0.92
 12.49  1.02
 12.10  1.01
 11.68  0.98
 11.31  1.02
 10.90  1.04
 10.49  0.96
 10.10  1.03
  9.68  0.95
  9.28  0.96
  8.88  0.90
  8.48  0.88
  8.06  0.83
  7.66  0.81
  7.26  0.83
  6.85  0.76
  6.44  0.72
  6.02  0.64
  5.61  0.65
  5.22  0.64
  4.82  0.65
  4.41  0.60
  4.01  0.63
  3.60  0.55
  3.18  0.47
  2.78  0.45
  2.37  0.44
  1.96  0.34
  1.54  0.32
  1.15  0.28
  0.76  0.31
  0.35  0.24
 -0.07  0.21
 -0.48  0.13
 -0.89  0.07
 -1.31  0.04
 -1.72  0.00
 -2.11 -0.03
 -2.52 -0.04
 -2.92 -0.10
 -3.33 -0.14
 -3.74 -0.15
 -4.15 -0.20
 -4.55 -0.22
 -4.97 -0.24
