E205L1X.DAT;1
E205B
REED
100K  100025.
 alpha   Cl
 -5.07 -0.27
 -4.65 -0.23
 -4.25 -0.16
 -3.83 -0.10
 -3.43 -0.05
 -3.00  0.00
 -2.60  0.04
 -2.20  0.07
 -1.79  0.12
 -1.38  0.17
 -0.96  0.21
 -0.56  0.24
 -0.16  0.28
  0.25  0.31
  0.67  0.36
  1.07  0.40
  1.48  0.42
  1.89  0.46
  2.29  0.51
  2.69  0.55
  3.10  0.57
  3.51  0.62
  3.93  0.66
  4.33  0.71
  4.74  0.73
  5.13  0.77
  5.56  0.81
  5.95  0.84
  6.37  0.89
  6.77  0.93
  7.17  0.96
  7.59  1.00
  8.01  1.02
  8.41  1.04
  8.80  1.05
  9.20  1.05
  9.60  1.06
 10.02  1.08
 10.40  1.08
 10.81  1.07
 11.21  1.06
 11.61  1.06
 12.01  1.06
 12.41  1.05
 12.79  1.04
 13.21  1.07
 13.60  1.00
 13.97  0.94
 14.37  0.89
 14.77  0.88
 15.14  0.86
 15.56  0.87
 15.97  0.87
 16.38  0.85
 16.74  0.84
 17.15  0.83
 17.57  0.86
 17.95  0.83
 18.36  0.82
 18.75  0.86
 19.18  0.85
 19.22  0.84
 18.86  0.87
 18.47  0.84
 18.07  0.85
 17.66  0.83
 17.26  0.83
 16.87  0.89
 16.48  0.85
 16.06  0.85
 15.66  0.85
 15.27  0.87
 14.88  0.89
 14.48  0.88
 14.09  0.96
 13.71  1.06
 13.31  1.04
 12.91  1.04
 12.51  1.06
 12.11  1.07
 11.71  1.06
 11.31  1.07
 10.91  1.06
 10.51  1.07
 10.11  1.06
  9.71  1.06
  9.30  1.05
  8.90  1.04
  8.50  1.04
  8.10  1.01
  7.70  1.00
  7.29  0.96
  6.87  0.93
  6.46  0.88
  6.06  0.86
  5.65  0.82
  5.26  0.78
  4.84  0.74
  4.43  0.70
  4.03  0.66
  3.62  0.62
  3.22  0.58
  2.80  0.55
  2.39  0.51
  1.98  0.47
  1.58  0.43
  1.16  0.40
  0.76  0.36
  0.34  0.32
 -0.06  0.29
 -0.45  0.25
 -0.88  0.21
 -1.28  0.17
 -1.69  0.13
 -2.10  0.09
 -2.50  0.04
 -2.90  0.01
 -3.34 -0.04
 -3.73 -0.10
 -4.14 -0.15
 -4.55 -0.21
 -4.98 -0.26
