E205L80REPX.DAT;1
E205B
REED
80K  83049.
 alpha   Cl
 -5.08 -0.27
 -4.67 -0.24
 -4.27 -0.20
 -3.84 -0.13
 -3.43 -0.07
 -3.03 -0.01
 -2.62  0.04
 -2.19  0.09
 -1.79  0.14
 -1.38  0.18
 -0.98  0.22
 -0.57  0.26
 -0.15  0.30
  0.25  0.34
  0.66  0.37
  1.08  0.40
  1.48  0.44
  1.88  0.47
  2.29  0.50
  2.69  0.55
  3.10  0.59
  3.52  0.63
  3.92  0.66
  4.33  0.69
  4.74  0.72
  5.14  0.77
  5.55  0.80
  5.96  0.83
  6.36  0.88
  6.78  0.92
  7.18  0.96
  7.59  0.99
  8.00  1.00
  8.40  1.03
  8.80  1.04
  9.20  1.05
  9.61  1.06
 10.00  1.05
 10.41  1.07
 10.80  1.06
 11.21  1.05
 11.60  1.06
 12.01  1.06
 12.40  1.04
 12.81  1.03
 13.19  1.01
 13.59  0.97
 13.96  0.87
 14.40  1.01
 14.77  0.88
 15.17  0.88
 15.59  0.97
 15.97  0.84
 16.37  0.88
 16.76  0.86
 17.17  0.87
 17.54  0.84
 17.97  0.87
 18.37  0.84
 18.77  0.86
 19.18  0.88
 19.21  0.85
 18.89  0.89
 18.46  0.84
 18.07  0.85
 17.67  0.83
 17.27  0.85
 16.86  0.84
 16.46  0.88
 16.05  0.82
 15.67  0.84
 15.28  0.89
 14.86  0.88
 14.48  0.90
 14.08  0.94
 13.69  0.95
 13.32  1.06
 12.92  1.05
 12.51  1.06
 12.11  1.07
 11.71  1.06
 11.30  1.07
 10.92  1.07
 10.50  1.07
 10.10  1.06
  9.71  1.07
  9.30  1.06
  8.90  1.04
  8.51  1.03
  8.10  1.01
  7.70  0.99
  7.28  0.95
  6.88  0.92
  6.48  0.90
  6.05  0.85
  5.65  0.81
  5.25  0.76
  4.84  0.73
  4.43  0.70
  4.02  0.66
  3.61  0.63
  3.20  0.60
  2.81  0.56
  2.40  0.53
  1.99  0.49
  1.58  0.45
  1.18  0.42
  0.76  0.38
  0.35  0.34
 -0.06  0.30
 -0.45  0.27
 -0.86  0.23
 -1.29  0.20
 -1.68  0.16
 -2.10  0.10
 -2.49  0.06
 -2.90  0.01
 -3.33 -0.05
 -3.74 -0.10
 -4.14 -0.16
 -4.55 -0.22
 -4.96 -0.25
