E214L80BFX.DAT;1
E214C  0 DEG FLAP
SAWYER/BORDER
80K  79201.
 alpha   Cl
 -4.04 -0.19
 -3.65 -0.13
 -3.23 -0.08
 -2.81 -0.03
 -2.41  0.03
 -1.99  0.08
 -1.59  0.14
 -1.18  0.20
 -0.77  0.24
 -0.35  0.28
  0.04  0.34
  0.47  0.40
  0.88  0.44
  1.29  0.48
  1.71  0.53
  2.11  0.60
  2.52  0.62
  2.93  0.68
  3.34  0.73
  3.74  0.75
  4.15  0.79
  4.56  0.83
  4.97  0.88
  5.38  0.92
  5.79  0.94
  6.19  0.97
  6.59  1.00
  7.00  1.04
  7.41  1.07
  7.81  1.11
  8.22  1.14
  8.63  1.15
  9.03  1.17
  9.44  1.22
  9.85  1.24
 10.24  1.24
 10.64  1.24
 11.05  1.23
 11.45  1.24
 11.85  1.22
 12.25  1.22
 12.65  1.23
 13.05  1.22
 13.45  1.21
 13.84  1.19
 14.24  1.20
 14.65  1.18
 15.00  1.06
 15.43  1.15
 15.81  1.03
 16.21  1.04
 16.60  1.04
 16.99  0.93
 17.36  0.92
 17.79  0.92
 18.18  0.97
 18.23  0.93
 17.89  0.92
 17.50  0.97
 17.10  1.00
 16.68  0.96
 16.28  1.01
 15.90  1.09
 15.54  1.20
 15.12  1.05
 14.72  1.15
 14.33  1.19
 13.94  1.21
 13.54  1.21
 13.13  1.23
 12.73  1.22
 12.34  1.22
 11.95  1.24
 11.55  1.24
 11.14  1.26
 10.74  1.26
 10.35  1.27
  9.95  1.26
  9.54  1.22
  9.14  1.21
  8.74  1.19
  8.33  1.17
  7.92  1.13
  7.51  1.10
  7.10  1.07
  6.70  1.04
  6.29  1.00
  5.88  0.95
  5.47  0.92
  5.08  0.90
  4.67  0.85
  4.26  0.83
  3.85  0.77
  3.44  0.73
  3.02  0.68
  2.61  0.63
  2.21  0.59
  1.80  0.54
  1.38  0.50
  0.98  0.44
  0.56  0.36
  0.15  0.33
 -0.25  0.28
 -0.66  0.24
 -1.07  0.19
 -1.49  0.15
 -1.89  0.10
 -2.30  0.05
 -2.72 -0.01
 -3.12 -0.07
 -3.52 -0.11
 -3.94 -0.14
