E214L100BFX.DAT;1
E214C  0 DEG FLAP
SAWYER/BORDER
100K  100890.
 alpha   Cl
 -4.05 -0.16
 -3.65 -0.10
 -3.23 -0.04
 -2.81  0.02
 -2.40  0.08
 -1.99  0.13
 -1.57  0.19
 -1.17  0.23
 -0.76  0.28
 -0.34  0.34
  0.07  0.39
  0.47  0.43
  0.88  0.49
  1.30  0.53
  1.70  0.58
  2.11  0.62
  2.52  0.67
  2.93  0.71
  3.34  0.74
  3.75  0.78
  4.16  0.81
  4.56  0.85
  4.97  0.89
  5.38  0.93
  5.79  0.96
  6.19  1.00
  6.61  1.04
  7.01  1.07
  7.41  1.10
  7.82  1.15
  8.23  1.17
  8.64  1.21
  9.05  1.24
  9.45  1.25
  9.86  1.27
 10.25  1.27
 10.65  1.28
 11.05  1.25
 11.44  1.25
 11.85  1.25
 12.25  1.24
 12.65  1.24
 13.04  1.23
 13.44  1.24
 13.85  1.23
 14.22  1.22
 14.63  1.22
 15.02  1.20
 15.40  1.12
 15.80  1.02
 16.19  1.04
 16.58  0.98
 17.02  1.07
 17.40  1.02
 17.79  0.96
 18.18  1.00
 18.24  0.96
 17.91  1.02
 17.49  0.96
 17.09  1.03
 16.71  1.06
 16.31  1.05
 15.93  1.12
 15.52  1.18
 15.13  1.19
 14.74  1.18
 14.33  1.21
 13.93  1.22
 13.54  1.24
 13.15  1.25
 12.74  1.25
 12.34  1.26
 11.95  1.26
 11.55  1.26
 11.15  1.27
 10.75  1.27
 10.35  1.28
  9.95  1.28
  9.54  1.27
  9.14  1.25
  8.74  1.22
  8.34  1.21
  7.93  1.17
  7.51  1.13
  7.10  1.10
  6.70  1.06
  6.29  1.03
  5.89  0.98
  5.48  0.95
  5.07  0.91
  4.67  0.88
  4.26  0.85
  3.84  0.80
  3.44  0.76
  3.04  0.72
  2.62  0.68
  2.21  0.64
  1.82  0.59
  1.40  0.54
  0.98  0.50
  0.57  0.45
  0.17  0.40
 -0.23  0.36
 -0.66  0.31
 -1.06  0.27
 -1.47  0.21
 -1.88  0.16
 -2.28  0.11
 -2.70  0.04
 -3.11 -0.01
 -3.54 -0.06
 -3.95 -0.12
