E214L40BFX.DAT;1
E214C  0 DEG FLAP
SAWYER/BORDER
40K  40937.
 alpha   Cl
 -4.04 -0.15
 -3.63 -0.12
 -3.23 -0.08
 -2.81 -0.01
 -2.42  0.00
 -2.00  0.04
 -1.60  0.07
 -1.20  0.08
 -0.79  0.12
 -0.39  0.15
  0.03  0.19
  0.43  0.20
  0.84  0.28
  1.25  0.30
  1.66  0.35
  2.08  0.41
  2.47  0.42
  2.87  0.41
  3.30  0.54
  3.72  0.62
  4.09  0.48
  4.49  0.51
  4.89  0.52
  5.32  0.64
  5.74  0.68
  6.16  0.81
  6.57  0.87
  6.98  0.90
  7.38  0.94
  7.80  0.99
  8.20  1.01
  8.60  1.08
  9.00  1.07
  9.43  1.13
  9.83  1.14
 10.22  1.16
 10.63  1.19
 11.02  1.11
 11.42  1.12
 11.83  1.14
 12.23  1.16
 12.64  1.21
 13.03  1.16
 13.43  1.15
 13.83  1.15
 14.22  1.19
 14.62  1.12
 15.01  1.08
 15.42  1.10
 15.79  0.96
 16.18  0.93
 16.57  0.90
 16.98  0.90
 17.38  0.91
 17.77  0.89
 18.16  0.88
 18.25  1.02
 17.90  0.97
 17.52  1.12
 17.12  1.11
 16.70  1.01
 16.29  0.97
 15.91  1.09
 15.51  1.13
 15.10  1.06
 14.72  1.22
 14.33  1.20
 13.93  1.22
 13.53  1.19
 13.13  1.26
 12.73  1.17
 12.33  1.18
 11.92  1.18
 11.53  1.19
 11.14  1.23
 10.71  1.16
 10.33  1.20
  9.93  1.14
  9.53  1.16
  9.12  1.15
  8.71  1.10
  8.32  1.11
  7.90  1.07
  7.50  1.04
  7.09  0.99
  6.69  1.00
  6.27  0.87
  5.84  0.75
  5.46  0.84
  5.06  0.83
  4.61  0.61
  4.20  0.62
  3.80  0.59
  3.40  0.58
  2.98  0.48
  2.57  0.48
  2.17  0.46
  1.77  0.42
  1.36  0.38
  0.96  0.34
  0.53  0.30
  0.14  0.26
 -0.27  0.24
 -0.68  0.17
 -1.08  0.14
 -1.49  0.12
 -1.90  0.08
 -2.32  0.05
 -2.70  0.02
 -3.14 -0.05
 -3.53 -0.08
 -3.94 -0.12
