E214L60BFX.DAT;1
E214C  0 DEG FLAP
SAWYER
60K  60677.
 alpha   Cl
 -4.05 -0.20
 -3.63 -0.16
 -3.24 -0.11
 -2.83 -0.06
 -2.41 -0.02
 -2.02  0.03
 -1.61  0.07
 -1.19  0.12
 -0.79  0.17
 -0.37  0.21
  0.03  0.25
  0.45  0.29
  0.84  0.34
  1.27  0.40
  1.68  0.45
  2.10  0.52
  2.50  0.56
  2.90  0.57
  3.32  0.64
  3.72  0.68
  4.15  0.75
  4.55  0.78
  4.96  0.80
  5.36  0.84
  5.77  0.87
  6.17  0.91
  6.58  0.94
  6.99  0.97
  7.40  1.03
  7.80  1.05
  8.22  1.08
  8.62  1.11
  9.02  1.15
  9.43  1.16
  9.84  1.18
 10.24  1.18
 10.62  1.16
 11.05  1.22
 11.44  1.19
 11.85  1.20
 12.24  1.20
 12.64  1.21
 13.05  1.22
 13.43  1.21
 13.83  1.19
 14.22  1.15
 14.62  1.16
 15.02  1.08
 15.36  0.90
 15.79  0.91
 16.16  0.86
 16.57  0.91
 16.98  0.87
 17.37  0.88
 17.78  0.90
 18.17  0.94
 18.23  0.89
 17.88  0.91
 17.47  0.91
 17.11  1.01
 16.67  0.91
 16.28  0.93
 15.86  0.89
 15.48  0.89
 15.10  0.97
 14.68  0.99
 14.28  0.94
 13.94  1.20
 13.55  1.22
 13.14  1.20
 12.74  1.23
 12.34  1.20
 11.94  1.22
 11.53  1.22
 11.15  1.24
 10.74  1.24
 10.33  1.21
  9.94  1.20
  9.53  1.20
  9.13  1.16
  8.72  1.13
  8.32  1.09
  7.91  1.08
  7.50  1.05
  7.09  1.03
  6.69  1.01
  6.28  0.96
  5.89  0.93
  5.48  0.90
  5.05  0.85
  4.65  0.82
  4.24  0.77
  3.83  0.71
  3.42  0.65
  3.01  0.58
  2.60  0.58
  2.19  0.54
  1.78  0.50
  1.38  0.44
  0.96  0.39
  0.54  0.34
  0.14  0.27
 -0.26  0.26
 -0.68  0.19
 -1.09  0.15
 -1.49  0.09
 -1.90  0.05
 -2.31  0.02
 -2.73 -0.03
 -3.13 -0.07
 -3.55 -0.12
 -3.95 -0.15
