E374CL100X.DAT;1
E374B
BAME
100K  101252.
 alpha   Cl
 -7.11 -0.49
 -6.72 -0.47
 -6.32 -0.45
 -5.92 -0.44
 -5.50 -0.42
 -5.10 -0.40
 -4.68 -0.37
 -4.29 -0.33
 -3.87 -0.28
 -3.46 -0.23
 -3.04 -0.18
 -2.65 -0.13
 -2.23 -0.08
 -1.82  0.00
 -1.41  0.08
 -0.99  0.13
 -0.57  0.18
 -0.17  0.21
  0.23  0.24
  0.64  0.27
  1.04  0.30
  1.45  0.34
  1.87  0.37
  2.27  0.41
  2.67  0.44
  3.08  0.47
  3.48  0.51
  3.89  0.56
  4.30  0.59
  4.73  0.63
  5.12  0.67
  5.52  0.71
  5.94  0.74
  6.35  0.78
  6.75  0.81
  7.16  0.85
  7.56  0.87
  7.97  0.89
  8.38  0.90
  8.78  0.91
  9.19  0.93
  9.59  0.94
  9.99  0.96
 10.38  0.97
 10.79  0.97
 11.18  0.98
 11.59  0.99
 11.98  0.99
 12.38  0.98
 12.79  0.99
 13.18  0.94
 13.59  1.03
 13.97  0.95
 14.35  0.88
 14.76  0.86
 15.15  0.87
 15.55  0.82
 15.96  0.85
 16.35  0.81
 16.75  0.77
 17.14  0.78
 17.54  0.74
 17.94  0.79
 18.34  0.77
 18.77  0.85
 19.14  0.79
 19.20  0.81
 18.84  0.78
 18.44  0.78
 18.04  0.78
 17.65  0.78
 17.25  0.76
 16.84  0.78
 16.46  0.81
 16.05  0.82
 15.66  0.83
 15.25  0.83
 14.87  0.85
 14.46  0.85
 14.11  1.01
 13.66  0.86
 13.31  1.09
 12.90  1.01
 12.48  1.00
 12.10  0.99
 11.69  0.99
 11.29  0.99
 10.89  0.98
 10.48  0.98
 10.08  0.96
  9.68  0.94
  9.29  0.93
  8.88  0.92
  8.48  0.91
  8.07  0.90
  7.66  0.89
  7.27  0.86
  6.86  0.83
  6.44  0.79
  6.05  0.76
  5.64  0.72
  5.22  0.68
  4.82  0.64
  4.42  0.61
  3.99  0.56
  3.60  0.53
  3.18  0.49
  2.79  0.46
  2.36  0.42
  1.96  0.38
  1.57  0.35
  1.15  0.32
  0.74  0.28
  0.34  0.25
 -0.06  0.22
 -0.47  0.18
 -0.88  0.14
 -1.29  0.09
 -1.70  0.04
 -2.13 -0.05
 -2.53 -0.11
 -2.93 -0.15
 -3.35 -0.21
 -3.78 -0.27
 -4.18 -0.31
 -4.58 -0.35
 -4.99 -0.38
 -5.40 -0.41
 -5.79 -0.42
 -6.22 -0.44
 -6.60 -0.46
 -7.00 -0.48
