E374CL80X.DAT;1
E374B
BAME
80K  80398.
 alpha   Cl
 -7.11 -0.46
 -6.71 -0.43
 -6.30 -0.42
 -5.91 -0.40
 -5.51 -0.39
 -5.11 -0.36
 -4.69 -0.35
 -4.28 -0.32
 -3.89 -0.28
 -3.47 -0.25
 -3.06 -0.21
 -2.64 -0.16
 -2.23 -0.11
 -1.83 -0.06
 -1.42 -0.03
 -1.01  0.04
 -0.60  0.10
 -0.19  0.15
  0.23  0.20
  0.64  0.24
  1.05  0.29
  1.45  0.33
  1.86  0.36
  2.27  0.39
  2.68  0.42
  3.08  0.45
  3.48  0.48
  3.88  0.51
  4.30  0.57
  4.71  0.61
  5.12  0.66
  5.53  0.69
  5.94  0.74
  6.35  0.78
  6.74  0.80
  7.17  0.84
  7.57  0.88
  7.97  0.90
  8.37  0.90
  8.78  0.91
  9.18  0.92
  9.59  0.94
  9.98  0.95
 10.38  0.96
 10.79  0.96
 11.18  0.98
 11.60  1.00
 11.99  0.99
 12.39  0.99
 12.78  0.98
 13.15  0.88
 13.60  1.04
 13.98  0.97
 14.38  1.01
 14.77  0.94
 15.14  0.82
 15.56  0.88
 15.95  0.82
 16.34  0.79
 16.73  0.79
 17.16  0.79
 17.54  0.78
 17.93  0.79
 18.35  0.78
 18.75  0.82
 19.15  0.80
 19.23  0.87
 18.86  0.88
 18.44  0.77
 18.06  0.83
 17.65  0.77
 17.26  0.78
 16.86  0.83
 16.45  0.83
 16.07  0.84
 15.66  0.79
 15.28  0.89
 14.88  0.92
 14.49  0.96
 14.10  0.98
 13.69  0.97
 13.31  1.04
 12.89  1.01
 12.50  1.01
 12.09  1.00
 11.69  0.99
 11.29  0.99
 10.89  0.98
 10.49  0.98
 10.09  0.97
  9.68  0.94
  9.28  0.94
  8.87  0.92
  8.46  0.92
  8.07  0.91
  7.67  0.88
  7.27  0.87
  6.86  0.83
  6.45  0.80
  6.03  0.75
  5.65  0.72
  5.23  0.68
  4.82  0.64
  4.41  0.60
  4.01  0.56
  3.59  0.50
  3.18  0.47
  2.77  0.45
  2.37  0.42
  1.97  0.39
  1.57  0.35
  1.14  0.31
  0.74  0.27
  0.32  0.23
 -0.07  0.17
 -0.49  0.12
 -0.90  0.08
 -1.31  0.02
 -1.72 -0.03
 -2.12 -0.08
 -2.52 -0.13
 -2.94 -0.18
 -3.36 -0.21
 -3.77 -0.26
 -4.17 -0.29
 -4.57 -0.32
 -4.97 -0.35
 -5.39 -0.36
 -5.79 -0.38
 -6.20 -0.40
 -6.61 -0.42
 -7.00 -0.44
