E374CL60X.DAT;1
E374B
BAME
60K  60325.
 alpha   Cl
 -7.11 -0.45
 -6.70 -0.44
 -6.30 -0.41
 -5.89 -0.41
 -5.50 -0.39
 -5.10 -0.37
 -4.69 -0.36
 -4.28 -0.34
 -3.88 -0.32
 -3.48 -0.28
 -3.06 -0.25
 -2.65 -0.21
 -2.25 -0.17
 -1.84 -0.14
 -1.43 -0.08
 -1.03 -0.04
 -0.62  0.00
 -0.20  0.07
  0.21  0.11
  0.63  0.18
  1.04  0.22
  1.43  0.25
  1.84  0.28
  2.23  0.30
  2.65  0.32
  3.05  0.33
  3.46  0.38
  3.87  0.42
  4.28  0.46
  4.68  0.49
  5.10  0.59
  5.52  0.64
  5.92  0.69
  6.34  0.73
  6.75  0.78
  7.15  0.79
  7.56  0.83
  7.97  0.87
  8.37  0.88
  8.78  0.90
  9.16  0.89
  9.58  0.89
  9.97  0.89
 10.37  0.94
 10.78  0.94
 11.18  0.96
 11.58  0.95
 11.99  0.96
 12.38  0.95
 12.78  0.98
 13.16  0.87
 13.56  0.83
 13.97  0.84
 14.35  0.79
 14.75  0.79
 15.15  0.74
 15.54  0.76
 15.95  0.78
 16.32  0.73
 16.74  0.77
 17.14  0.80
 17.56  0.77
 17.95  0.80
 18.33  0.75
 18.75  0.83
 19.16  0.88
 19.21  0.79
 18.85  0.73
 18.45  0.76
 18.06  0.79
 17.65  0.77
 17.25  0.80
 16.84  0.76
 16.45  0.76
 16.05  0.80
 15.64  0.79
 15.24  0.73
 14.83  0.76
 14.47  0.82
 14.10  1.03
 13.70  0.99
 13.26  0.82
 12.89  1.02
 12.48  0.96
 12.08  0.98
 11.69  0.99
 11.28  0.98
 10.89  0.97
 10.49  0.96
 10.07  0.93
  9.69  0.91
  9.28  0.91
  8.88  0.91
  8.48  0.91
  8.07  0.89
  7.67  0.86
  7.26  0.84
  6.86  0.79
  6.45  0.76
  6.04  0.73
  5.63  0.69
  5.23  0.63
  4.81  0.57
  4.39  0.48
  3.98  0.44
  3.57  0.40
  3.15  0.36
  2.76  0.34
  2.35  0.32
  1.94  0.31
  1.54  0.25
  1.13  0.23
  0.73  0.19
  0.32  0.15
 -0.09  0.09
 -0.51  0.02
 -0.92 -0.03
 -1.33 -0.05
 -1.73 -0.10
 -2.15 -0.13
 -2.55 -0.19
 -2.97 -0.22
 -3.38 -0.26
 -3.78 -0.29
 -4.17 -0.31
 -4.59 -0.33
 -4.99 -0.35
 -5.39 -0.37
 -5.80 -0.39
 -6.19 -0.42
 -6.62 -0.43
 -7.01 -0.45
