E387L8X.DAT;1
E387A
CHAMPINE
80K  79758.
 alpha   Cl
 -6.10 -0.38
 -5.70 -0.37
 -5.28 -0.33
 -4.88 -0.29
 -4.48 -0.26
 -4.07 -0.23
 -3.66 -0.19
 -3.24 -0.15
 -2.85 -0.11
 -2.42 -0.05
 -2.02  0.00
 -1.61  0.06
 -1.19  0.12
 -0.78  0.16
 -0.37  0.21
  0.04  0.26
  0.44  0.30
  0.85  0.33
  1.27  0.38
  1.67  0.42
  2.07  0.45
  2.48  0.48
  2.90  0.52
  3.29  0.56
  3.71  0.59
  4.12  0.62
  4.53  0.66
  4.93  0.70
  5.34  0.74
  5.75  0.77
  6.16  0.81
  6.55  0.85
  6.96  0.89
  7.37  0.92
  7.77  0.95
  8.19  1.00
  8.59  1.02
  9.00  1.06
  9.40  1.08
  9.82  1.10
 10.21  1.10
 10.62  1.12
 11.01  1.11
 11.42  1.12
 11.82  1.12
 12.23  1.13
 12.62  1.12
 13.02  1.13
 13.41  1.11
 13.82  1.12
 14.21  1.12
 14.64  1.23
 14.99  1.05
 15.39  0.98
 15.82  1.14
 16.19  0.98
 16.63  1.07
 17.01  1.02
 17.39  0.96
 17.12  1.02
 16.70  0.96
 16.32  1.07
 15.92  1.18
 15.52  1.10
 15.11  1.11
 14.74  1.17
 14.32  1.09
 13.92  1.15
 13.52  1.12
 13.12  1.13
 12.71  1.14
 12.31  1.13
 11.92  1.12
 11.52  1.12
 11.12  1.11
 10.72  1.11
 10.32  1.10
  9.91  1.10
  9.52  1.09
  9.11  1.06
  8.69  1.02
  8.30  0.99
  7.90  0.96
  7.49  0.92
  7.06  0.89
  6.65  0.85
  6.26  0.82
  5.85  0.78
  5.44  0.74
  5.04  0.71
  4.62  0.67
  4.22  0.64
  3.81  0.60
  3.40  0.56
  3.00  0.53
  2.59  0.49
  2.17  0.46
  1.78  0.42
  1.36  0.38
  0.96  0.34
  0.54  0.30
  0.14  0.26
 -0.28  0.21
 -0.68  0.16
 -1.10  0.11
 -1.53  0.05
 -1.91  0.00
 -2.33 -0.06
 -2.74 -0.12
 -3.16 -0.16
 -3.56 -0.20
 -3.96 -0.23
 -4.37 -0.26
 -4.76 -0.29
 -5.18 -0.33
 -5.61 -0.37
 -5.99 -0.39
