E387L6X.DAT;2
E387A
CHAMPINE
60K  61706.
 alpha   Cl
 -6.11 -0.38
 -5.70 -0.36
 -5.31 -0.33
 -4.86 -0.29
 -4.47 -0.26
 -4.07 -0.23
 -3.66 -0.20
 -3.24 -0.16
 -2.86 -0.14
 -2.44 -0.10
 -2.03 -0.05
 -1.62 -0.01
 -1.22  0.04
 -0.81  0.08
 -0.39  0.15
  0.03  0.21
  0.43  0.26
  0.84  0.31
  1.25  0.34
  1.66  0.39
  2.07  0.42
  2.47  0.47
  2.89  0.50
  3.31  0.54
  3.71  0.58
  4.10  0.62
  4.51  0.66
  4.91  0.68
  5.33  0.72
  5.73  0.75
  6.14  0.78
  6.55  0.83
  6.95  0.87
  7.37  0.90
  7.78  0.93
  8.18  0.98
  8.60  1.02
  8.99  1.01
  9.40  1.04
  9.81  1.06
 10.21  1.10
 10.61  1.10
 11.01  1.10
 11.42  1.11
 11.80  1.10
 12.22  1.09
 12.62  1.11
 13.02  1.13
 13.41  1.12
 13.80  1.06
 14.20  1.06
 14.60  1.04
 15.01  1.03
 15.39  1.04
 15.78  0.95
 16.19  1.00
 16.57  0.91
 16.98  0.94
 17.37  0.93
 17.07  0.96
 16.68  0.96
 16.28  0.94
 15.89  0.95
 15.49  1.02
 15.08  0.94
 14.71  1.10
 14.30  0.96
 13.93  1.12
 13.53  1.11
 13.12  1.10
 12.71  1.12
 12.32  1.10
 11.93  1.13
 11.51  1.13
 11.12  1.09
 10.71  1.09
 10.31  1.11
  9.92  1.11
  9.53  1.09
  9.11  1.06
  8.71  1.06
  8.30  1.00
  7.88  0.96
  7.47  0.93
  7.08  0.89
  6.67  0.87
  6.26  0.83
  5.86  0.80
  5.45  0.78
  5.04  0.73
  4.63  0.70
  4.22  0.66
  3.82  0.63
  3.40  0.60
  3.00  0.56
  2.59  0.51
  2.18  0.48
  1.78  0.45
  1.37  0.40
  0.96  0.36
  0.54  0.30
  0.14  0.26
 -0.26  0.20
 -0.68  0.14
 -1.10  0.10
 -1.51  0.05
 -1.93  0.00
 -2.33 -0.05
 -2.73 -0.09
 -3.14 -0.14
 -3.55 -0.16
 -3.97 -0.20
 -4.36 -0.22
 -4.78 -0.26
 -5.18 -0.30
 -5.59 -0.34
 -6.01 -0.37
