E387L4X.DAT;1
E387A
CHAMPINE
40K  40512.
 alpha   Cl
 -6.09 -0.30
 -5.68 -0.27
 -5.26 -0.25
 -4.86 -0.21
 -4.46 -0.20
 -4.04 -0.16
 -3.64 -0.14
 -3.22 -0.12
 -2.84 -0.10
 -2.43 -0.06
 -2.04 -0.04
 -1.63  0.00
 -1.22  0.03
 -0.81  0.06
 -0.39  0.09
  0.01  0.14
  0.41  0.19
  0.83  0.22
  1.24  0.25
  1.65  0.32
  2.06  0.35
  2.47  0.39
  2.87  0.40
  3.27  0.44
  3.69  0.47
  4.07  0.46
  4.48  0.50
  4.89  0.53
  5.31  0.58
  5.70  0.62
  6.11  0.62
  6.52  0.63
  6.92  0.66
  7.33  0.69
  7.75  0.78
  8.17  0.89
  8.58  0.92
  8.98  0.95
  9.40  1.00
  9.81  1.06
 10.21  1.06
 10.62  1.07
 11.00  1.04
 11.40  1.09
 11.80  1.08
 12.20  1.06
 12.61  1.06
 13.02  1.07
 13.41  1.04
 13.81  1.09
 14.21  1.09
 14.60  1.01
 14.97  0.88
 15.39  1.03
 15.76  0.90
 16.19  0.92
 16.57  0.94
 16.98  0.91
 17.37  0.90
 17.05  0.85
 16.66  0.86
 16.28  0.89
 15.88  0.94
 15.49  1.01
 15.07  0.96
 14.71  1.06
 14.30  0.99
 13.91  1.05
 13.50  1.01
 13.10  1.04
 12.72  1.03
 12.30  1.01
 11.90  1.05
 11.50  1.05
 11.11  1.06
 10.69  1.02
 10.29  1.03
  9.91  1.07
  9.50  1.02
  9.10  0.98
  8.66  0.90
  8.29  0.95
  7.85  0.86
  7.43  0.74
  7.04  0.72
  6.62  0.66
  6.23  0.66
  5.81  0.67
  5.41  0.59
  5.01  0.55
  4.60  0.53
  4.19  0.50
  3.80  0.49
  3.37  0.46
  2.99  0.46
  2.58  0.44
  2.18  0.40
  1.75  0.35
  1.36  0.31
  0.94  0.25
  0.53  0.20
  0.13  0.16
 -0.29  0.13
 -0.69  0.08
 -1.10  0.05
 -1.51  0.02
 -1.92 -0.02
 -2.30 -0.06
 -2.73 -0.08
 -3.15 -0.11
 -3.55 -0.13
 -3.96 -0.17
 -4.34 -0.19
 -4.77 -0.21
 -5.16 -0.25
 -5.58 -0.29
 -5.98 -0.32
