E387L1X.DAT;1
E387A
CHAMPINE
100K  99898.
 alpha   Cl
 -6.09 -0.39
 -5.69 -0.37
 -5.27 -0.33
 -4.87 -0.30
 -4.46 -0.26
 -4.07 -0.22
 -3.65 -0.17
 -3.25 -0.12
 -2.84 -0.06
 -2.41  0.00
 -1.99  0.06
 -1.61  0.11
 -1.19  0.15
 -0.78  0.19
 -0.37  0.24
  0.05  0.27
  0.44  0.31
  0.85  0.35
  1.27  0.38
  1.67  0.42
  2.08  0.46
  2.48  0.50
  2.89  0.53
  3.30  0.57
  3.70  0.61
  4.12  0.64
  4.52  0.68
  4.93  0.71
  5.34  0.75
  5.74  0.79
  6.16  0.82
  6.56  0.86
  6.97  0.90
  7.38  0.94
  7.79  0.98
  8.20  1.02
  8.60  1.04
  9.01  1.08
  9.42  1.09
  9.81  1.11
 10.21  1.11
 10.61  1.12
 11.01  1.12
 11.41  1.12
 11.81  1.13
 12.21  1.12
 12.62  1.13
 13.01  1.13
 13.42  1.12
 13.81  1.11
 14.22  1.12
 14.63  1.05
 14.98  1.04
 15.44  1.19
 15.79  1.03
 16.17  0.96
 16.59  0.98
 16.99  0.98
 17.37  0.90
 17.07  0.98
 16.68  0.99
 16.29  0.95
 15.91  1.07
 15.53  1.14
 15.16  1.27
 14.73  1.19
 14.32  1.10
 13.91  1.11
 13.52  1.13
 13.12  1.12
 12.71  1.13
 12.32  1.13
 11.92  1.13
 11.52  1.13
 11.12  1.13
 10.73  1.12
 10.32  1.11
  9.91  1.12
  9.51  1.09
  9.11  1.09
  8.71  1.06
  8.30  1.03
  7.89  0.99
  7.49  0.95
  7.08  0.92
  6.65  0.88
  6.27  0.84
  5.86  0.80
  5.44  0.76
  5.04  0.72
  4.64  0.69
  4.22  0.66
  3.82  0.61
  3.40  0.57
  3.00  0.54
  2.60  0.50
  2.18  0.46
  1.78  0.42
  1.37  0.39
  0.97  0.36
  0.56  0.32
  0.15  0.27
 -0.27  0.23
 -0.67  0.19
 -1.08  0.15
 -1.49  0.11
 -1.90  0.06
 -2.32  0.00
 -2.72 -0.06
 -3.13 -0.11
 -3.55 -0.17
 -3.96 -0.21
 -4.38 -0.26
 -4.78 -0.29
 -5.18 -0.33
 -5.59 -0.35
 -5.99 -0.38
