FPL1X.DAT;1
FLAT PLATE
FRASER
100K  101541.
 alpha   Cl
 -6.14 -0.58
 -5.74 -0.53
 -5.31 -0.49
 -4.91 -0.45
 -4.51 -0.41
 -4.10 -0.37
 -3.68 -0.33
 -3.27 -0.29
 -2.86 -0.26
 -2.47 -0.23
 -2.06 -0.19
 -1.65 -0.15
 -1.23 -0.11
 -0.83 -0.08
 -0.42 -0.04
 -0.01  0.00
  0.39  0.04
  0.81  0.08
  1.22  0.11
  1.62  0.15
  2.02  0.18
  2.43  0.22
  2.85  0.26
  3.25  0.30
  3.66  0.34
  4.07  0.38
  4.48  0.42
  4.89  0.47
  5.30  0.50
  5.70  0.55
  6.11  0.58
  6.52  0.62
  6.93  0.66
  7.34  0.69
  7.73  0.71
  8.14  0.72
  8.54  0.70
  8.94  0.73
  9.34  0.71
  9.74  0.75
 10.15  0.77
 10.54  0.74
 10.95  0.76
 11.35  0.77
 11.75  0.80
 12.15  0.74
 12.55  0.73
 12.94  0.77
 13.35  0.76
 13.74  0.77
 14.15  0.80
 14.55  0.77
 14.96  0.78
 15.36  0.78
 15.74  0.79
 16.14  0.74
 16.53  0.75
 16.94  0.74
 17.34  0.76
 17.05  0.79
 16.64  0.76
 16.23  0.70
 15.84  0.73
 15.45  0.78
 15.04  0.77
 14.65  0.80
 14.23  0.78
 13.84  0.78
 13.45  0.81
 13.04  0.78
 12.64  0.78
 12.24  0.77
 11.84  0.78
 11.45  0.81
 11.05  0.78
 10.65  0.79
 10.24  0.79
  9.85  0.76
  9.44  0.80
  9.04  0.76
  8.63  0.72
  8.23  0.73
  7.84  0.72
  7.42  0.70
  7.02  0.70
  6.62  0.66
  6.21  0.62
  5.81  0.60
  5.40  0.55
  4.99  0.51
  4.57  0.46
  4.17  0.42
  3.76  0.38
  3.35  0.35
  2.94  0.30
  2.54  0.27
  2.13  0.23
  1.72  0.19
  1.32  0.16
  0.92  0.12
  0.49  0.08
  0.09  0.03
 -0.32  0.00
 -0.73 -0.04
 -1.13 -0.08
 -1.54 -0.12
 -1.96 -0.15
 -2.36 -0.20
 -2.75 -0.23
 -3.17 -0.27
 -3.58 -0.31
 -3.99 -0.34
 -4.39 -0.38
 -4.81 -0.42
 -5.21 -0.46
 -5.61 -0.50
 -6.05 -0.54
