FX63L1.DAT;3
FX 63-137
CHAMPINE
100K  98257.
 alpha   Cl
-10.06 -0.23
 -9.06 -0.28
 -8.08 -0.26
 -7.06 -0.28
 -6.04 -0.15
 -5.00  0.05
 -3.96  0.20
 -2.95  0.35
 -1.91  0.47
 -0.91  0.57
  0.14  0.69
  1.14  0.79
  2.16  0.90
  3.18  0.99
  4.20  1.09
  5.24  1.20
  6.25  1.31
  7.28  1.42
  8.31  1.52
  9.31  1.62
 10.34  1.68
 11.35  1.75
 12.35  1.74
 13.36  1.73
 14.34  1.77
 15.35  1.73
 16.33  1.70
 17.23  1.17
 18.22  1.10
 19.23  1.21
 20.24  1.28
 21.22  1.21
 22.25  1.30
 23.25  1.28
 23.30  1.28
 22.33  1.25
 21.33  1.23
 20.31  1.17
 19.33  1.20
 18.32  1.18
 17.33  1.12
 16.33  1.17
 15.32  1.12
 14.32  1.18
 13.35  1.29
 12.45  1.73
 11.44  1.71
 10.44  1.67
  9.42  1.59
  8.41  1.51
  7.39  1.42
  6.37  1.32
  5.35  1.22
  4.31  1.10
  3.30  1.00
  2.26  0.89
  1.26  0.80
  0.24  0.70
 -0.79  0.59
 -1.82  0.48
 -2.85  0.37
 -3.85  0.22
 -4.91  0.08
 -5.94 -0.11
 -6.97 -0.26
 -7.98 -0.30
 -8.97 -0.25
 -9.97 -0.20
