FX63L6.DAT;2
FX 63-137
CHAMPINE
60K  62228.
 alpha   Cl
-10.05 -0.18
 -9.06 -0.26
 -8.10 -0.32
 -7.09 -0.32
 -6.08 -0.24
 -5.03 -0.04
 -4.01  0.08
 -2.96  0.25
 -1.94  0.39
 -0.91  0.49
  0.10  0.56
  1.12  0.63
  2.12  0.66
  3.13  0.75
  4.14  0.82
  5.14  0.79
  6.16  0.86
  7.14  0.86
  8.19  0.96
  9.17  0.94
 10.18  1.00
 11.18  0.97
 12.20  1.07
 13.19  0.96
 14.23  1.11
 15.21  1.11
 16.21  1.06
 17.19  1.08
 18.21  1.12
 19.24  1.17
 20.23  1.19
 21.22  1.16
 22.23  1.24
 23.26  1.30
 23.32  1.24
 22.35  1.27
 21.31  1.18
 20.34  1.21
 19.33  1.26
 18.34  1.26
 17.33  1.20
 16.35  1.20
 15.33  1.13
 14.29  1.05
 13.31  1.08
 12.32  1.04
 11.29  1.00
 10.30  1.04
  9.31  1.05
  8.29  0.97
  7.28  0.93
  6.25  0.85
  5.25  0.82
  4.25  0.84
  3.25  0.75
  2.23  0.73
  1.22  0.64
  0.20  0.57
 -0.81  0.49
 -1.84  0.35
 -2.87  0.23
 -3.89  0.10
 -4.92 -0.07
 -5.97 -0.30
 -6.99 -0.30
 -7.97 -0.27
 -8.96 -0.20
 -9.95 -0.16
