HQL6A.DAT;1
HQ2/9A
WAGNER/OLSEN
60K  59692.
 alpha   Cl
 -7.09 -0.52
 -6.65 -0.46
 -6.25 -0.44
 -5.85 -0.39
 -5.44 -0.39
 -5.03 -0.35
 -4.63 -0.33
 -4.21 -0.29
 -3.83 -0.26
 -3.41 -0.22
 -2.99 -0.17
 -2.59 -0.17
 -2.19 -0.15
 -1.80 -0.12
 -1.37 -0.10
 -0.97 -0.06
 -0.56  0.00
 -0.15  0.02
  0.25  0.06
  0.66  0.11
  1.08  0.16
  1.48  0.25
  1.91  0.35
  2.33  0.40
  2.74  0.48
  3.15  0.53
  3.55  0.56
  3.96  0.60
  4.37  0.65
  4.77  0.68
  5.18  0.69
  5.59  0.74
  6.00  0.78
  6.40  0.81
  6.81  0.82
  7.20  0.85
  7.62  0.88
  8.02  0.90
  8.43  0.91
  8.83  0.92
  9.23  0.94
  9.64  0.98
 10.06  1.03
 10.45  1.01
 10.83  0.98
 11.21  0.91
 11.65  0.99
 12.04  0.97
 12.44  0.97
 12.84  0.99
 13.22  0.90
 13.64  1.01
 14.02  0.86
 14.41  0.90
 14.83  0.93
 15.23  0.93
 15.62  0.85
 16.01  0.90
 16.43  0.94
 16.81  0.87
 17.22  0.90
 17.61  0.89
 18.02  0.86
 18.43  0.89
 18.82  0.90
 19.21  0.87
 19.63  0.91
 20.04  0.91
 20.42  0.89
 20.02  0.95
 19.64  0.98
 19.21  0.86
 18.83  0.93
 18.40  0.86
 18.04  0.98
 17.62  0.84
 17.22  0.89
 16.82  0.91
 16.42  0.92
 16.04  0.90
 15.63  0.88
 15.22  0.89
 14.82  0.89
 14.42  0.88
 14.02  0.90
 13.62  0.89
 13.24  0.98
 12.83  0.96
 12.42  0.91
 12.05  1.00
 11.64  1.02
 11.24  1.04
 10.85  1.03
 10.44  1.02
 10.04  1.02
  9.65  1.01
  9.23  0.97
  8.83  0.96
  8.43  0.94
  8.02  0.91
  7.62  0.89
  7.21  0.85
  6.81  0.84
  6.41  0.83
  6.00  0.78
  5.59  0.74
  5.18  0.70
  4.77  0.66
  4.36  0.62
  3.96  0.58
  3.55  0.54
  3.15  0.51
  2.72  0.43
  2.31  0.38
  1.90  0.32
  1.49  0.24
  1.07  0.15
  0.65  0.09
  0.25  0.07
 -0.16  0.02
 -0.57 -0.04
 -0.99 -0.07
 -1.39 -0.10
 -1.81 -0.15
 -2.20 -0.18
 -2.59 -0.20
 -3.02 -0.25
 -3.42 -0.26
 -3.82 -0.31
 -4.24 -0.34
 -4.65 -0.39
 -5.05 -0.40
 -5.45 -0.44
 -5.86 -0.48
 -6.27 -0.51
 -6.68 -0.53
 -7.08 -0.59
