HQBL60X.DAT;1
HQ2/9B
WAGNER/OLSEN
60K  60083.
 alpha   Cl
 -6.09 -0.39
 -5.71 -0.36
 -5.29 -0.33
 -4.89 -0.31
 -4.49 -0.29
 -4.08 -0.25
 -3.66 -0.20
 -3.26 -0.18
 -2.84 -0.14
 -2.44 -0.11
 -2.04 -0.08
 -1.63 -0.04
 -1.22 -0.03
 -0.82  0.00
 -0.41  0.05
  0.01  0.09
  0.41  0.14
  0.83  0.18
  1.24  0.23
  1.65  0.30
  2.06  0.38
  2.48  0.45
  2.89  0.51
  3.30  0.54
  3.71  0.58
  4.12  0.60
  4.52  0.64
  4.93  0.66
  5.33  0.70
  5.73  0.72
  6.15  0.76
  6.54  0.79
  6.95  0.82
  7.35  0.84
  7.75  0.85
  8.17  0.88
  8.58  0.88
  8.96  0.91
  9.38  0.93
  9.78  0.95
 10.18  0.95
 10.58  0.96
 10.98  0.96
 11.40  1.02
 11.78  0.99
 12.15  0.86
 12.56  0.83
 12.95  0.80
 13.34  0.81
 13.75  0.74
 14.13  0.74
 14.55  0.85
 14.95  0.80
 15.34  0.83
 15.74  0.77
 16.14  0.75
 16.55  0.78
 16.95  0.80
 17.34  0.82
 17.05  0.80
 16.65  0.80
 16.26  0.81
 15.84  0.78
 15.47  0.90
 15.06  0.80
 14.65  0.82
 14.25  0.79
 13.85  0.81
 13.45  0.78
 13.07  0.84
 12.67  0.90
 12.25  0.82
 11.87  0.95
 11.49  0.94
 11.11  1.00
 10.68  0.98
 10.30  0.97
  9.88  0.95
  9.49  0.93
  9.09  0.93
  8.68  0.90
  8.28  0.89
  7.87  0.88
  7.47  0.87
  7.06  0.85
  6.66  0.84
  6.25  0.81
  5.84  0.75
  5.44  0.70
  5.03  0.69
  4.63  0.66
  4.20  0.63
  3.82  0.62
  3.40  0.57
  3.00  0.52
  2.60  0.49
  2.17  0.42
  1.76  0.34
  1.34  0.25
  0.93  0.21
  0.51  0.16
  0.12  0.12
 -0.29  0.08
 -0.70  0.04
 -1.11 -0.01
 -1.52 -0.04
 -1.94 -0.06
 -2.33 -0.09
 -2.73 -0.13
 -3.14 -0.16
 -3.56 -0.19
 -3.97 -0.23
 -4.36 -0.25
 -4.76 -0.29
 -5.19 -0.33
 -5.59 -0.34
 -5.98 -0.38
