HQL2.DAT;2
HQ2/9A
WAGNER/OLSEN
200K  198829.
 alpha   Cl
 -7.11 -0.48
 -6.10 -0.40
 -5.09 -0.32
 -4.06 -0.23
 -3.01 -0.11
 -2.02  0.03
 -0.97  0.16
  0.04  0.27
  1.06  0.37
  2.08  0.47
  3.11  0.58
  4.12  0.68
  5.15  0.77
  6.17  0.86
  7.18  0.95
  8.21  1.02
  9.20  1.08
 10.23  1.12
 11.19  1.06
 12.24  1.13
 13.17  1.03
 14.17  0.99
 15.20  0.95
 16.16  0.90
 17.19  0.90
 18.14  0.92
 19.20  0.94
 20.24  0.96
 21.18  1.02
 22.20  1.08
 23.23  1.12
 22.25  1.06
 21.23  1.06
 20.30  0.95
 19.27  0.95
 18.34  0.94
 17.26  0.94
 16.28  0.92
 15.30  0.95
 14.33  0.96
 13.29  1.03
 12.27  1.01
 11.30  1.05
 10.31  1.12
  9.32  1.08
  8.31  1.02
  7.29  0.95
  6.27  0.87
  5.26  0.78
  4.23  0.69
  3.21  0.58
  2.18  0.48
  1.15  0.37
  0.13  0.26
 -0.89  0.17
 -1.91  0.04
 -2.93 -0.11
 -3.96 -0.22
 -4.99 -0.31
 -6.01 -0.40
 -7.02 -0.47
