HQL1.DAT;2
HQ2/9A
WAGNER/OLSEN
100K  101265.
 alpha   Cl
 -7.12 -0.49
 -6.12 -0.41
 -5.08 -0.32
 -4.06 -0.23
 -3.04 -0.15
 -2.03 -0.06
 -1.00  0.03
  0.02  0.18
  1.06  0.35
  2.09  0.49
  3.11  0.59
  4.12  0.68
  5.14  0.78
  6.17  0.87
  7.20  0.93
  8.18  1.00
  9.20  1.06
 10.21  1.09
 11.20  1.03
 12.20  1.04
 13.20  1.08
 14.19  0.99
 15.19  0.97
 16.16  0.90
 17.17  0.89
 18.19  0.99
 19.18  0.94
 20.17  0.93
 21.21  0.98
 22.21  1.03
 23.21  1.05
 22.33  1.11
 21.31  0.98
 20.29  0.97
 19.28  0.92
 18.27  0.89
 17.27  0.91
 16.26  0.92
 15.28  0.92
 14.29  0.94
 13.29  0.97
 12.32  1.10
 11.31  1.05
 10.31  1.09
  9.31  1.05
  8.30  1.00
  7.28  0.94
  6.25  0.86
  5.25  0.78
  4.22  0.69
  3.21  0.59
  2.19  0.50
  1.16  0.35
  0.12  0.18
 -0.91  0.04
 -1.92 -0.05
 -2.95 -0.15
 -3.97 -0.23
 -4.99 -0.31
 -5.98 -0.39
 -7.00 -0.47
