HQBL80X.DAT;1
HQ2/9B
WAGNER/OLSEN
80K  80104.
 alpha   Cl
 -6.10 -0.39
 -5.70 -0.36
 -5.28 -0.34
 -4.87 -0.31
 -4.48 -0.28
 -4.07 -0.24
 -3.66 -0.21
 -3.26 -0.19
 -2.84 -0.15
 -2.45 -0.12
 -2.03 -0.07
 -1.63 -0.04
 -1.23 -0.03
 -0.82  0.01
 -0.41  0.06
  0.00  0.10
  0.42  0.14
  0.83  0.21
  1.24  0.26
  1.66  0.33
  2.06  0.40
  2.48  0.47
  2.89  0.52
  3.30  0.55
  3.70  0.59
  4.11  0.62
  4.52  0.66
  4.92  0.68
  5.34  0.71
  5.75  0.75
  6.14  0.78
  6.55  0.81
  6.95  0.84
  7.36  0.87
  7.77  0.88
  8.17  0.88
  8.58  0.91
  8.97  0.93
  9.38  0.94
  9.79  0.96
 10.18  0.99
 10.60  0.99
 10.99  0.99
 11.36  0.90
 11.78  0.95
 12.16  0.87
 12.60  1.10
 12.98  0.93
 13.35  0.84
 13.76  0.87
 14.16  0.88
 14.55  0.82
 14.94  0.83
 15.38  0.91
 15.76  0.88
 16.15  0.86
 16.56  0.90
 16.96  0.85
 17.35  0.80
 17.04  0.81
 16.66  0.82
 16.27  0.86
 15.86  0.82
 15.47  0.83
 15.07  0.85
 14.65  0.83
 14.27  0.86
 13.89  0.91
 13.46  0.86
 13.08  0.89
 12.71  1.04
 12.27  0.88
 11.92  1.10
 11.50  1.05
 11.09  0.96
 10.68  0.99
 10.30  1.03
  9.91  1.05
  9.50  1.05
  9.10  0.96
  8.70  0.97
  8.29  0.97
  7.87  0.88
  7.46  0.86
  7.06  0.84
  6.65  0.82
  6.24  0.79
  5.85  0.77
  5.43  0.76
  5.03  0.71
  4.62  0.68
  4.22  0.63
  3.81  0.60
  3.41  0.58
  3.00  0.54
  2.60  0.50
  2.18  0.45
  1.77  0.36
  1.35  0.29
  0.94  0.22
  0.52  0.18
  0.11  0.13
 -0.29  0.08
 -0.70  0.03
 -1.11 -0.01
 -1.52 -0.03
 -1.94 -0.07
 -2.32 -0.09
 -2.75 -0.13
 -3.13 -0.16
 -3.54 -0.19
 -3.97 -0.22
 -4.37 -0.26
 -4.77 -0.29
 -5.19 -0.32
 -5.58 -0.35
 -6.00 -0.37
