HQBL100X.DAT;1
HQ2/9B
WAGNER/OLSEN
100K  101503.
 alpha   Cl
 -6.11 -0.40
 -5.68 -0.36
 -5.28 -0.33
 -4.89 -0.30
 -4.48 -0.27
 -4.06 -0.23
 -3.66 -0.20
 -3.26 -0.17
 -2.86 -0.13
 -2.43 -0.10
 -2.04 -0.06
 -1.63 -0.03
 -1.20  0.00
 -0.81  0.04
 -0.40  0.09
  0.01  0.14
  0.43  0.21
  0.84  0.28
  1.25  0.34
  1.66  0.40
  2.07  0.45
  2.49  0.49
  2.89  0.53
  3.31  0.57
  3.71  0.60
  4.12  0.64
  4.53  0.67
  4.92  0.71
  5.33  0.74
  5.74  0.77
  6.15  0.80
  6.56  0.83
  6.95  0.86
  7.37  0.88
  7.78  0.90
  8.17  0.92
  8.59  0.93
  8.99  0.96
  9.39  0.98
  9.78  0.98
 10.20  1.00
 10.60  1.01
 11.00  0.99
 11.40  1.02
 11.80  1.00
 12.18  0.94
 12.61  1.06
 12.96  0.88
 13.37  0.90
 13.77  0.88
 14.19  0.96
 14.56  0.86
 14.97  0.84
 15.36  0.86
 15.76  0.85
 16.15  0.84
 16.56  0.84
 16.96  0.85
 17.34  0.83
 17.05  0.84
 16.64  0.81
 16.26  0.85
 15.87  0.83
 15.46  0.80
 15.06  0.85
 14.68  0.90
 14.27  0.90
 13.88  0.88
 13.47  0.90
 13.05  0.86
 12.73  1.08
 12.31  1.01
 11.88  0.94
 11.50  1.07
 11.10  1.02
 10.70  1.02
 10.30  1.01
  9.90  1.00
  9.50  0.98
  9.08  0.96
  8.69  0.94
  8.28  0.93
  7.88  0.91
  7.47  0.88
  7.06  0.87
  6.67  0.85
  6.26  0.82
  5.85  0.79
  5.44  0.75
  5.04  0.72
  4.63  0.68
  4.23  0.65
  3.82  0.61
  3.41  0.58
  3.00  0.54
  2.59  0.51
  2.17  0.46
  1.78  0.41
  1.36  0.36
  0.95  0.30
  0.54  0.24
  0.12  0.16
 -0.28  0.10
 -0.70  0.05
 -1.12  0.01
 -1.52 -0.02
 -1.94 -0.06
 -2.33 -0.09
 -2.74 -0.12
 -3.15 -0.16
 -3.57 -0.19
 -3.98 -0.23
 -4.36 -0.25
 -4.78 -0.29
 -5.18 -0.32
 -5.59 -0.35
 -6.01 -0.38
