MBL5X.DAT;1
MB253515
BAME
50K  50280.
 alpha   Cl
 -7.05 -0.52
 -6.65 -0.49
 -6.25 -0.47
 -5.84 -0.45
 -5.44 -0.40
 -5.01 -0.36
 -4.63 -0.33
 -4.21 -0.31
 -3.81 -0.27
 -3.37 -0.17
 -2.96 -0.14
 -2.56 -0.12
 -2.16 -0.12
 -1.77 -0.09
 -1.35 -0.08
 -0.94 -0.06
 -0.55 -0.01
 -0.14  0.02
  0.25  0.04
  0.68  0.08
  1.08  0.08
  1.49  0.14
  1.89  0.15
  2.29  0.16
  2.69  0.19
  3.09  0.19
  3.51  0.24
  3.90  0.25
  4.33  0.28
  4.73  0.32
  5.11  0.33
  5.54  0.36
  5.93  0.40
  6.35  0.42
  6.74  0.43
  7.15  0.48
  7.55  0.46
  7.96  0.47
  8.37  0.49
  8.77  0.50
  9.17  0.53
  9.57  0.53
  9.98  0.59
 10.40  0.66
 10.80  0.68
 11.21  0.69
 11.67  1.14
 12.08  1.09
 12.48  1.06
 12.88  1.07
 13.28  1.07
 13.67  1.05
 14.10  1.09
 14.47  1.08
 14.89  1.07
 15.28  1.09
 15.69  1.05
 16.06  1.04
 16.47  1.00
 16.84  0.93
 17.26  0.97
 17.65  0.87
 18.04  0.77
 18.41  0.82
 17.99  0.82
 17.60  0.86
 17.25  1.05
 16.79  0.93
 16.47  1.08
 16.04  1.05
 15.63  1.06
 15.24  1.06
 14.83  1.08
 14.43  1.07
 14.05  1.08
 13.65  1.08
 13.24  1.09
 12.83  1.05
 12.43  1.06
 12.04  1.10
 11.65  1.11
 11.25  1.10
 10.84  1.12
 10.46  1.14
 10.02  1.10
  9.63  1.07
  9.22  1.03
  8.82  0.99
  8.37  0.75
  7.92  0.48
  7.50  0.45
  7.11  0.47
  6.70  0.45
  6.29  0.39
  5.91  0.39
  5.50  0.40
  5.08  0.34
  4.67  0.30
  4.27  0.30
  3.88  0.25
  3.46  0.24
  3.06  0.21
  2.65  0.18
  2.25  0.16
  1.84  0.14
  1.45  0.12
  1.03  0.10
  0.63  0.07
  0.23  0.02
 -0.20  0.02
 -0.58 -0.01
 -0.98 -0.05
 -1.40 -0.08
 -1.80 -0.10
 -2.20 -0.12
 -2.62 -0.17
 -3.03 -0.16
 -3.43 -0.21
 -3.86 -0.24
 -4.23 -0.31
 -4.65 -0.33
 -5.06 -0.38
 -5.47 -0.40
 -5.86 -0.45
 -6.30 -0.49
 -6.69 -0.50
 -7.10 -0.52
