MBL9X.DAT;1
MB253515
BAME
90K  90057.
 alpha   Cl
 -7.04 -0.47
 -6.64 -0.42
 -6.21 -0.37
 -5.82 -0.33
 -5.40 -0.29
 -4.99 -0.26
 -4.61 -0.25
 -4.18 -0.22
 -3.79 -0.18
 -3.39 -0.14
 -2.97 -0.12
 -2.57 -0.10
 -2.15 -0.05
 -1.73  0.04
 -1.32  0.11
 -0.91  0.19
 -0.49  0.25
 -0.08  0.30
  0.31  0.29
  0.71  0.26
  1.10  0.26
  1.52  0.29
  1.93  0.30
  2.32  0.31
  2.73  0.33
  3.12  0.34
  3.54  0.35
  3.93  0.38
  4.34  0.42
  4.75  0.45
  5.14  0.47
  5.56  0.48
  5.97  0.56
  6.39  0.60
  6.78  0.58
  7.19  0.63
  7.58  0.56
  8.06  0.99
  8.48  1.02
  8.88  1.06
  9.27  1.08
  9.68  1.09
 10.09  1.10
 10.48  1.08
 10.87  1.06
 11.26  1.07
 11.66  1.03
 12.08  1.03
 12.47  1.03
 12.88  1.03
 13.28  1.03
 13.68  1.03
 14.06  1.03
 14.46  1.01
 14.87  1.03
 15.28  1.04
 15.66  1.03
 16.06  1.02
 16.48  1.05
 16.87  0.97
 17.24  0.95
 17.66  1.05
 18.05  0.88
 18.45  0.86
 18.03  0.95
 17.62  0.91
 17.21  0.87
 16.85  1.09
 16.46  1.03
 16.04  1.02
 15.62  1.02
 15.25  1.02
 14.82  1.02
 14.43  1.02
 14.02  1.02
 13.62  1.01
 13.20  1.02
 12.82  1.02
 12.45  1.02
 12.02  1.02
 11.64  1.03
 11.23  1.05
 10.85  1.06
 10.45  1.07
 10.04  1.07
  9.64  1.06
  9.23  1.06
  8.84  1.05
  8.43  1.01
  8.02  0.98
  7.64  0.93
  7.20  0.89
  6.80  0.86
  6.38  0.81
  5.97  0.74
  5.52  0.51
  5.13  0.49
  4.71  0.46
  4.30  0.39
  3.89  0.39
  3.51  0.37
  3.09  0.37
  2.67  0.30
  2.31  0.31
  1.87  0.30
  1.49  0.27
  1.07  0.27
  0.67  0.28
  0.27  0.27
 -0.13  0.28
 -0.54  0.25
 -0.94  0.18
 -1.35  0.11
 -1.79  0.00
 -2.21 -0.08
 -2.60 -0.10
 -2.99 -0.12
 -3.41 -0.14
 -3.82 -0.19
 -4.24 -0.22
 -4.62 -0.24
 -5.03 -0.28
 -5.45 -0.30
 -5.84 -0.33
 -6.26 -0.37
 -6.65 -0.41
 -7.06 -0.47
