MBL7X.DAT;1
MB253515
BAME
70K  70064.
 alpha   Cl
 -7.05 -0.52
 -6.63 -0.49
 -6.24 -0.46
 -5.82 -0.41
 -5.42 -0.37
 -5.00 -0.32
 -4.60 -0.28
 -4.20 -0.26
 -3.81 -0.24
 -3.38 -0.21
 -2.98 -0.19
 -2.58 -0.15
 -2.16 -0.08
 -1.75 -0.02
 -1.33  0.07
 -0.91  0.12
 -0.52  0.14
 -0.10  0.13
  0.28  0.16
  0.70  0.19
  1.09  0.21
  1.50  0.22
  1.92  0.24
  2.29  0.22
  2.72  0.24
  3.11  0.26
  3.52  0.29
  3.93  0.32
  4.32  0.34
  4.74  0.36
  5.13  0.37
  5.54  0.41
  5.95  0.43
  6.33  0.42
  6.74  0.42
  7.15  0.49
  7.57  0.46
  7.95  0.51
  8.37  0.55
  8.77  0.53
  9.17  0.54
  9.56  0.54
  9.97  0.56
 10.38  0.58
 10.79  0.64
 11.20  0.71
 11.64  0.89
 12.07  1.05
 12.47  1.03
 12.89  1.03
 13.27  1.02
 13.68  1.03
 14.07  1.03
 14.47  1.03
 14.87  1.04
 15.28  1.03
 15.67  1.05
 16.07  1.03
 16.48  1.03
 16.86  1.05
 17.26  0.98
 17.64  0.89
 18.06  0.89
 18.46  0.94
 18.04  1.00
 17.61  0.93
 17.24  1.03
 16.83  1.04
 16.46  1.05
 16.03  1.01
 15.62  1.03
 15.23  1.03
 14.82  1.04
 14.45  1.04
 14.03  1.03
 13.63  1.03
 13.23  1.04
 12.83  1.05
 12.44  1.04
 12.03  1.06
 11.65  1.05
 11.23  1.06
 10.82  1.07
 10.44  1.05
 10.04  1.06
  9.64  1.06
  9.23  1.03
  8.81  1.00
  8.41  0.95
  7.93  0.60
  7.54  0.54
  7.12  0.48
  6.72  0.46
  6.31  0.46
  5.91  0.39
  5.49  0.40
  5.10  0.38
  4.68  0.37
  4.30  0.33
  3.89  0.32
  3.48  0.29
  3.08  0.27
  2.67  0.24
  2.28  0.25
  1.86  0.21
  1.48  0.22
  1.07  0.21
  0.66  0.21
  0.27  0.17
 -0.17  0.15
 -0.56  0.13
 -0.95  0.11
 -1.37  0.08
 -1.78  0.02
 -2.19 -0.06
 -2.62 -0.14
 -3.02 -0.17
 -3.44 -0.21
 -3.82 -0.23
 -4.23 -0.27
 -4.63 -0.30
 -5.04 -0.33
 -5.49 -0.38
 -5.85 -0.40
 -6.29 -0.45
 -6.68 -0.48
 -7.09 -0.52
