MBL8X.DAT;1
MB253515
BAME
80K  81074.
 alpha   Cl
 -7.06 -0.50
 -6.64 -0.46
 -6.24 -0.41
 -5.81 -0.37
 -5.42 -0.33
 -4.99 -0.31
 -4.61 -0.28
 -4.19 -0.24
 -3.80 -0.21
 -3.38 -0.16
 -2.98 -0.13
 -2.57 -0.09
 -2.15 -0.03
 -1.74  0.03
 -1.32  0.11
 -0.92  0.11
 -0.49  0.15
 -0.10  0.16
  0.29  0.18
  0.70  0.21
  1.11  0.21
  1.52  0.25
  1.90  0.25
  2.31  0.26
  2.72  0.25
  3.11  0.28
  3.52  0.31
  3.92  0.33
  4.33  0.36
  4.75  0.40
  5.14  0.42
  5.55  0.41
  5.96  0.47
  6.36  0.48
  6.77  0.52
  7.17  0.52
  7.55  0.51
  7.97  0.55
  8.36  0.56
  8.77  0.54
  9.18  0.55
  9.57  0.57
  9.97  0.56
 10.38  0.60
 10.81  0.81
 11.27  1.05
 11.68  1.05
 12.06  1.03
 12.47  1.03
 12.87  1.02
 13.27  1.03
 13.67  1.02
 14.06  1.03
 14.48  1.04
 14.87  1.03
 15.26  1.02
 15.68  1.04
 16.07  1.03
 16.47  1.05
 16.83  0.96
 17.28  1.09
 17.65  0.95
 18.05  0.89
 18.45  0.98
 18.03  0.97
 17.62  0.98
 17.24  0.99
 16.82  0.98
 16.45  1.00
 16.04  1.02
 15.63  1.03
 15.23  1.01
 14.82  1.01
 14.43  1.03
 14.02  1.03
 13.63  1.03
 13.22  1.02
 12.81  1.03
 12.43  1.03
 12.02  1.03
 11.64  1.05
 11.23  1.06
 10.84  1.07
 10.43  1.07
 10.02  1.07
  9.63  1.07
  9.22  1.06
  8.82  1.02
  8.41  0.99
  8.02  0.96
  7.62  0.91
  7.20  0.84
  6.71  0.47
  6.32  0.48
  5.92  0.48
  5.51  0.44
  5.10  0.38
  4.70  0.41
  4.31  0.37
  3.88  0.33
  3.48  0.32
  3.08  0.30
  2.67  0.26
  2.28  0.26
  1.86  0.26
  1.47  0.24
  1.05  0.22
  0.65  0.20
  0.29  0.21
 -0.12  0.23
 -0.54  0.15
 -0.94  0.16
 -1.38  0.09
 -1.79  0.04
 -2.19 -0.04
 -2.59 -0.10
 -3.01 -0.13
 -3.41 -0.17
 -3.84 -0.21
 -4.26 -0.25
 -4.65 -0.28
 -5.05 -0.30
 -5.46 -0.33
 -5.86 -0.37
 -6.26 -0.42
 -6.68 -0.46
 -7.07 -0.50
