MBL1X.DAT;3
MB253515
BAME
100K  100107.
 alpha   Cl
 -7.05 -0.45
 -6.64 -0.40
 -6.23 -0.34
 -5.83 -0.30
 -5.39 -0.26
 -5.00 -0.24
 -4.60 -0.22
 -4.20 -0.20
 -3.78 -0.16
 -3.38 -0.10
 -2.97 -0.08
 -2.55 -0.06
 -2.16 -0.04
 -1.76  0.01
 -1.32  0.10
 -0.91  0.17
 -0.51  0.25
 -0.07  0.33
  0.33  0.37
  0.73  0.38
  1.15  0.42
  1.55  0.43
  1.93  0.42
  2.34  0.46
  2.75  0.50
  3.17  0.52
  3.58  0.56
  3.99  0.61
  4.40  0.64
  4.80  0.69
  5.22  0.73
  5.61  0.77
  6.02  0.82
  6.43  0.85
  6.83  0.89
  7.24  0.92
  7.67  0.96
  8.06  1.00
  8.47  1.03
  8.87  1.06
  9.27  1.06
  9.67  1.07
 10.08  1.08
 10.49  1.06
 10.89  1.05
 11.28  1.03
 11.68  1.02
 12.07  1.01
 12.46  1.01
 12.86  1.02
 13.27  1.02
 13.68  1.01
 14.08  1.02
 14.48  1.04
 14.86  1.02
 15.26  1.03
 15.67  1.02
 16.07  1.01
 16.46  1.01
 16.85  1.02
 17.26  1.02
 17.62  0.93
 18.07  0.98
 18.46  1.01
 18.06  0.99
 17.62  0.95
 17.22  1.00
 16.84  1.01
 16.45  1.02
 16.02  1.03
 15.62  1.02
 15.24  1.02
 14.82  1.02
 14.45  1.02
 14.02  1.02
 13.65  1.02
 13.23  1.01
 12.81  1.01
 12.43  1.01
 12.03  1.02
 11.64  1.03
 11.23  1.04
 10.84  1.05
 10.44  1.06
 10.03  1.06
  9.65  1.07
  9.23  1.06
  8.85  1.05
  8.42  1.02
  8.03  0.99
  7.63  0.96
  7.20  0.92
  6.79  0.88
  6.39  0.84
  5.99  0.80
  5.60  0.76
  5.16  0.72
  4.77  0.68
  4.36  0.63
  3.94  0.59
  3.54  0.55
  3.11  0.50
  2.73  0.46
  2.32  0.46
  1.90  0.41
  1.52  0.39
  1.11  0.39
  0.70  0.36
  0.28  0.35
 -0.12  0.32
 -0.52  0.25
 -0.94  0.17
 -1.36  0.08
 -1.78  0.00
 -2.18 -0.05
 -2.58 -0.07
 -2.98 -0.09
 -3.40 -0.11
 -3.80 -0.18
 -4.22 -0.20
 -4.62 -0.23
 -5.04 -0.25
 -5.44 -0.27
 -5.85 -0.31
 -6.24 -0.35
 -6.64 -0.40
 -7.09 -0.46
