MBL3X.DAT;1
MB253515
BAME
30K  29302.
 alpha   Cl
 -7.06 -0.50
 -6.64 -0.50
 -6.27 -0.49
 -5.84 -0.44
 -5.40 -0.39
 -5.03 -0.43
 -4.62 -0.38
 -4.19 -0.35
 -3.80 -0.30
 -3.40 -0.26
 -2.99 -0.21
 -2.58 -0.17
 -2.18 -0.17
 -1.78 -0.14
 -1.37 -0.14
 -0.98 -0.10
 -0.57 -0.11
 -0.15 -0.05
  0.23 -0.02
  0.65  0.02
  1.06  0.04
  1.46  0.07
  1.88  0.11
  2.29  0.11
  2.69  0.15
  3.09  0.17
  3.48  0.16
  3.89  0.18
  4.30  0.23
  4.72  0.26
  5.11  0.27
  5.52  0.28
  5.93  0.32
  6.34  0.35
  6.74  0.38
  7.13  0.39
  7.55  0.40
  7.93  0.42
  8.36  0.43
  8.75  0.42
  9.14  0.41
  9.56  0.44
  9.96  0.46
 10.35  0.43
 10.75  0.49
 11.17  0.52
 11.55  0.50
 11.97  0.54
 12.37  0.60
 12.77  0.56
 13.19  0.64
 13.61  0.67
 13.99  0.70
 14.41  0.77
 14.89  1.16
 15.27  1.06
 15.69  1.13
 16.05  0.90
 16.47  1.01
 16.85  0.92
 17.26  0.99
 17.65  0.89
 18.06  0.89
 18.45  0.82
 17.99  0.89
 17.62  0.97
 17.22  0.95
 16.80  0.90
 16.43  0.98
 16.01  0.96
 15.64  1.05
 15.28  1.14
 14.84  1.06
 14.44  1.06
 14.02  1.03
 13.65  1.07
 13.25  1.16
 12.85  1.07
 12.44  1.08
 12.03  1.01
 11.65  1.01
 11.21  0.89
 10.71  0.49
 10.32  0.47
  9.90  0.43
  9.50  0.43
  9.10  0.44
  8.71  0.44
  8.31  0.46
  7.93  0.44
  7.49  0.38
  7.09  0.36
  6.68  0.36
  6.29  0.31
  5.87  0.29
  5.47  0.28
  5.09  0.29
  4.67  0.26
  4.27  0.26
  3.86  0.21
  3.48  0.23
  3.06  0.22
  2.64  0.14
  2.25  0.11
  1.83  0.09
  1.44  0.07
  1.02  0.05
  0.62  0.00
  0.24 -0.01
 -0.19 -0.03
 -0.58 -0.06
 -1.01 -0.11
 -1.41 -0.15
 -1.83 -0.16
 -2.22 -0.15
 -2.62 -0.18
 -3.02 -0.20
 -3.43 -0.22
 -3.82 -0.27
 -4.25 -0.33
 -4.66 -0.36
 -5.07 -0.38
 -5.47 -0.39
 -5.87 -0.39
 -6.27 -0.43
 -6.70 -0.43
 -7.08 -0.47
