MBL2X.DAT;2
MB253515
BAME
20K  18557.
 alpha   Cl
 -7.05 -0.48
 -6.63 -0.44
 -6.22 -0.40
 -5.84 -0.40
 -5.44 -0.40
 -5.02 -0.40
 -4.60 -0.24
 -4.17 -0.20
 -3.80 -0.22
 -3.39 -0.23
 -3.02 -0.33
 -2.59 -0.20
 -2.20 -0.22
 -1.77 -0.10
 -1.37 -0.11
 -0.97 -0.16
 -0.58 -0.16
 -0.18 -0.14
  0.25 -0.07
  0.65 -0.03
  1.05 -0.01
  1.47  0.03
  1.87  0.05
  2.27  0.07
  2.69  0.12
  3.09  0.14
  3.49  0.14
  3.91  0.21
  4.31  0.24
  4.71  0.23
  5.11  0.21
  5.53  0.31
  5.94  0.37
  6.32  0.30
  6.73  0.32
  7.14  0.38
  7.53  0.38
  7.93  0.42
  8.33  0.35
  8.73  0.36
  9.14  0.40
  9.53  0.36
  9.94  0.48
 10.36  0.47
 10.72  0.38
 11.16  0.49
 11.56  0.44
 11.97  0.56
 12.37  0.56
 12.75  0.47
 13.16  0.47
 13.56  0.49
 13.98  0.54
 14.37  0.54
 14.77  0.58
 15.19  0.60
 15.58  0.60
 15.95  0.53
 16.36  0.63
 16.81  0.78
 17.21  0.70
 17.61  0.72
 17.96  0.53
 18.39  0.63
 17.95  0.65
 17.58  0.68
 17.15  0.67
 16.73  0.53
 16.35  0.66
 15.95  0.66
 15.57  0.68
 15.13  0.63
 14.76  0.62
 14.33  0.52
 13.95  0.68
 13.52  0.49
 13.17  0.66
 12.75  0.54
 12.32  0.46
 11.96  0.62
 11.53  0.56
 11.10  0.48
 10.72  0.46
 10.35  0.58
  9.90  0.44
  9.53  0.48
  9.10  0.45
  8.68  0.38
  8.31  0.43
  7.89  0.41
  7.52  0.44
  7.08  0.34
  6.69  0.34
  6.29  0.34
  5.88  0.29
  5.46  0.25
  5.09  0.33
  4.69  0.33
  4.28  0.32
  3.88  0.26
  3.49  0.25
  3.05  0.19
  2.64  0.15
  2.25  0.19
  1.82  0.08
  1.42  0.07
  1.02  0.05
  0.63  0.03
  0.21  0.03
 -0.20  0.01
 -0.62 -0.09
 -1.02 -0.10
 -1.43 -0.16
 -1.81 -0.16
 -2.21 -0.12
 -2.60 -0.18
 -3.01 -0.12
 -3.42 -0.16
 -3.82 -0.20
 -4.24 -0.24
 -4.61 -0.22
 -5.04 -0.26
 -5.48 -0.49
 -5.87 -0.47
 -6.28 -0.44
 -6.71 -0.52
 -7.10 -0.48
