MBL4X.DAT;1
MB253515
BAME
40K  40442.
 alpha   Cl
 -7.03 -0.52
 -6.64 -0.49
 -6.23 -0.47
 -5.84 -0.46
 -5.44 -0.43
 -5.03 -0.41
 -4.63 -0.37
 -4.22 -0.33
 -3.81 -0.29
 -3.41 -0.26
 -2.98 -0.22
 -2.58 -0.16
 -2.18 -0.16
 -1.77 -0.15
 -1.36 -0.11
 -0.95 -0.06
 -0.55 -0.03
 -0.14 -0.01
  0.27  0.04
  0.67  0.08
  1.07  0.08
  1.49  0.10
  1.88  0.13
  2.29  0.15
  2.69  0.17
  3.09  0.19
  3.50  0.21
  3.91  0.24
  4.32  0.27
  4.72  0.30
  5.12  0.32
  5.53  0.36
  5.94  0.38
  6.32  0.39
  6.74  0.40
  7.13  0.40
  7.54  0.43
  7.96  0.45
  8.36  0.47
  8.75  0.48
  9.16  0.50
  9.57  0.51
  9.96  0.53
 10.36  0.53
 10.78  0.55
 11.19  0.59
 11.58  0.60
 11.98  0.63
 12.41  0.72
 12.89  1.11
 13.29  1.12
 13.69  1.09
 14.07  1.08
 14.49  1.06
 14.90  1.11
 15.30  1.10
 15.64  0.94
 16.09  1.12
 16.47  1.01
 16.85  0.96
 17.27  0.97
 17.64  0.99
 18.07  0.98
 18.46  0.98
 18.02  0.96
 17.61  0.92
 17.23  0.92
 16.82  1.06
 16.43  1.00
 16.02  1.03
 15.63  1.07
 15.25  1.09
 14.82  1.05
 14.41  1.09
 14.04  1.09
 13.64  1.09
 13.25  1.12
 12.86  1.13
 12.46  1.13
 12.03  1.09
 11.63  1.10
 11.24  1.12
 10.84  1.09
 10.45  1.08
 10.02  1.03
  9.61  0.94
  9.13  0.54
  8.70  0.48
  8.32  0.49
  7.90  0.47
  7.52  0.46
  7.12  0.44
  6.69  0.40
  6.30  0.38
  5.88  0.35
  5.48  0.34
  5.08  0.33
  4.68  0.29
  4.29  0.27
  3.87  0.29
  3.47  0.24
  3.06  0.20
  2.67  0.19
  2.24  0.16
  1.84  0.11
  1.45  0.11
  1.02  0.08
  0.62  0.05
  0.23  0.03
 -0.19 -0.02
 -0.60 -0.04
 -0.99 -0.08
 -1.41 -0.11
 -1.80 -0.13
 -2.22 -0.17
 -2.61 -0.17
 -3.02 -0.23
 -3.44 -0.26
 -3.84 -0.30
 -4.26 -0.35
 -4.66 -0.38
 -5.09 -0.40
 -5.49 -0.44
 -5.87 -0.46
 -6.27 -0.50
 -6.68 -0.51
 -7.08 -0.51
