MBL6X.DAT;1
MB253515
BAME
60K  59777.
 alpha   Cl
 -7.06 -0.52
 -6.63 -0.49
 -6.26 -0.46
 -5.85 -0.42
 -5.41 -0.36
 -4.99 -0.32
 -4.59 -0.29
 -4.19 -0.24
 -3.77 -0.19
 -3.38 -0.16
 -2.98 -0.17
 -2.56 -0.11
 -2.16 -0.04
 -1.75 -0.01
 -1.34  0.04
 -0.94  0.05
 -0.54  0.05
 -0.12  0.08
  0.27  0.09
  0.70  0.14
  1.09  0.18
  1.48  0.19
  1.90  0.23
  2.30  0.25
  2.71  0.24
  3.11  0.25
  3.52  0.27
  3.92  0.33
  4.33  0.37
  4.74  0.40
  5.12  0.38
  5.55  0.42
  5.94  0.39
  6.34  0.43
  6.74  0.43
  7.16  0.47
  7.57  0.46
  7.96  0.51
  8.36  0.48
  8.76  0.52
  9.16  0.51
  9.58  0.55
  9.96  0.56
 10.37  0.55
 10.78  0.60
 11.20  0.69
 11.70  1.08
 12.08  1.05
 12.47  1.06
 12.87  1.05
 13.28  1.05
 13.68  1.05
 14.07  1.06
 14.47  1.06
 14.88  1.06
 15.28  1.06
 15.67  1.05
 16.08  1.05
 16.49  1.06
 16.86  1.02
 17.24  0.87
 17.61  0.79
 18.02  0.81
 18.45  0.84
 17.99  0.82
 17.61  0.84
 17.25  1.05
 16.84  1.08
 16.43  1.08
 16.03  1.06
 15.62  1.06
 15.22  1.06
 14.83  1.05
 14.43  1.05
 14.03  1.06
 13.63  1.06
 13.24  1.05
 12.84  1.05
 12.43  1.06
 12.03  1.05
 11.65  1.08
 11.24  1.11
 10.83  1.09
 10.46  1.13
 10.05  1.10
  9.64  1.09
  9.24  1.05
  8.82  1.02
  8.40  0.86
  7.92  0.47
  7.51  0.46
  7.12  0.46
  6.71  0.47
  6.32  0.44
  5.92  0.45
  5.50  0.42
  5.11  0.41
  4.69  0.39
  4.29  0.34
  3.87  0.32
  3.47  0.28
  3.06  0.25
  2.67  0.23
  2.26  0.23
  1.86  0.21
  1.47  0.20
  1.05  0.16
  0.64  0.13
  0.26  0.09
 -0.17  0.09
 -0.57  0.07
 -0.97  0.04
 -1.38  0.01
 -1.77 -0.02
 -2.19 -0.06
 -2.61 -0.12
 -3.01 -0.18
 -3.43 -0.21
 -3.82 -0.21
 -4.23 -0.27
 -4.65 -0.32
 -5.07 -0.33
 -5.44 -0.38
 -5.88 -0.42
 -6.28 -0.48
 -6.67 -0.51
 -7.09 -0.53
