MLL6.DAT;3
MILEY
N. ANDERSON
60K  59195.
 alpha   Cl
-10.07 -0.26
 -9.08 -0.25
 -8.06 -0.21
 -7.06 -0.19
 -6.05 -0.14
 -5.05 -0.06
 -4.01  0.03
 -3.01  0.12
 -1.98  0.21
 -0.96  0.26
  0.05  0.29
  1.06  0.35
  2.06  0.40
  3.08  0.45
  4.09  0.50
  5.10  0.56
  6.11  0.63
  7.12  0.67
  8.13  0.71
  9.13  0.74
 10.13  0.76
 11.16  0.85
 12.17  0.84
 13.15  0.85
 14.20  0.92
 15.19  0.92
 16.16  0.94
 17.19  0.97
 18.18  0.99
 19.20  1.03
 20.21  1.07
 21.21  1.09
 22.25  1.25
 23.23  1.30
 23.29  1.25
 22.36  1.31
 21.36  1.22
 20.31  1.04
 19.30  1.09
 18.31  1.06
 17.29  0.99
 16.27  0.93
 15.28  0.93
 14.26  0.91
 13.28  0.93
 12.26  0.85
 11.25  0.83
 10.26  0.80
  9.23  0.74
  8.25  0.72
  7.23  0.69
  6.23  0.63
  5.21  0.63
  4.19  0.53
  3.19  0.49
  2.17  0.41
  1.16  0.36
  0.15  0.31
 -0.85  0.26
 -1.87  0.22
 -2.88  0.15
 -3.89  0.06
 -4.91 -0.02
 -5.95 -0.11
 -6.96 -0.17
 -7.97 -0.21
 -8.95 -0.20
 -9.94 -0.21
