MLL1.DAT;3
MILEY
N. ANDERSON
100K  100588.
 alpha   Cl
-10.09 -0.33
 -9.09 -0.35
 -8.07 -0.31
 -7.06 -0.29
 -6.07 -0.22
 -5.05 -0.12
 -4.02 -0.01
 -2.99  0.10
 -1.98  0.16
 -0.96  0.22
  0.04  0.27
  1.05  0.33
  2.06  0.38
  3.07  0.42
  4.09  0.48
  5.09  0.53
  6.12  0.58
  7.10  0.63
  8.11  0.66
  9.13  0.73
 10.15  0.77
 11.15  0.82
 12.17  0.84
 13.16  0.89
 14.16  0.89
 15.18  0.89
 16.21  1.07
 17.26  1.30
 18.25  1.28
 19.25  1.25
 20.25  1.27
 21.23  1.26
 22.24  1.33
 23.19  1.12
 23.26  1.12
 22.33  1.17
 21.34  1.27
 20.34  1.21
 19.36  1.26
 18.35  1.23
 17.35  1.32
 16.35  1.37
 15.40  1.47
 14.39  1.45
 13.39  1.51
 12.40  1.47
 11.40  1.45
 10.35  1.30
  9.24  0.73
  8.25  0.74
  7.21  0.64
  6.21  0.60
  5.18  0.52
  4.18  0.49
  3.17  0.43
  2.16  0.36
  1.14  0.32
  0.14  0.30
 -0.86  0.22
 -1.89  0.16
 -2.89  0.09
 -3.93  0.00
 -4.93 -0.10
 -5.96 -0.22
 -6.96 -0.30
 -7.99 -0.37
 -8.98 -0.36
-10.00 -0.36
