MLL2.DAT;4
MILEY
N. ANDERSON
200K  200546.
 alpha   Cl
-10.08 -0.41
 -9.11 -0.40
 -8.11 -0.38
 -7.10 -0.34
 -6.09 -0.23
 -5.05 -0.12
 -4.01  0.00
 -3.01  0.10
 -1.96  0.21
 -0.96  0.31
  0.09  0.41
  1.09  0.49
  2.11  0.57
  3.13  0.69
  4.15  0.80
  5.18  0.92
  6.19  1.03
  7.22  1.14
  8.23  1.25
  9.26  1.36
 10.27  1.43
 11.28  1.46
 12.28  1.43
 13.28  1.39
 14.27  1.36
 15.26  1.32
 16.25  1.24
 17.23  1.20
 18.23  1.18
 19.20  1.18
 20.23  1.16
 21.23  1.18
 22.25  1.15
 23.22  1.08
 23.25  1.07
 22.37  1.22
 21.31  1.17
 20.32  1.16
 19.33  1.20
 18.35  1.19
 17.34  1.20
 16.33  1.24
 15.35  1.30
 14.35  1.33
 13.37  1.39
 12.38  1.41
 11.39  1.44
 10.39  1.45
  9.37  1.36
  8.36  1.25
  7.33  1.15
  6.31  1.03
  5.28  0.93
  4.26  0.80
  3.23  0.69
  2.19  0.59
  1.19  0.49
  0.16  0.41
 -0.84  0.31
 -1.86  0.21
 -2.90  0.11
 -3.91  0.01
 -4.93 -0.11
 -5.95 -0.22
 -6.98 -0.32
 -8.02 -0.39
 -8.99 -0.41
 -9.99 -0.40
