N6409L70X.DAT;1
NACA 6409
HALSEY
70K  69855.
 alpha   Cl
 -3.03  0.03
 -2.61  0.09
 -2.20  0.15
 -1.76  0.24
 -1.36  0.30
 -0.95  0.37
 -0.53  0.41
 -0.13  0.45
  0.28  0.50
  0.69  0.55
  1.09  0.59
  1.50  0.62
  1.91  0.66
  2.31  0.71
  2.72  0.74
  3.14  0.79
  3.58  0.84
  3.98  0.87
  4.36  0.89
  4.77  0.93
  5.17  0.97
  5.62  1.00
  5.99  1.02
  6.39  1.05
  6.84  1.12
  7.21  1.12
  7.60  1.16
  8.02  1.20
  8.43  1.22
  8.84  1.25
  9.25  1.28
  9.68  1.32
 10.05  1.33
 10.45  1.32
 10.86  1.38
 11.26  1.35
 11.66  1.37
 12.05  1.33
 12.45  1.34
 12.85  1.31
 13.24  1.30
 13.66  1.29
 14.05  1.28
 14.44  1.27
 14.85  1.27
 15.22  1.24
 15.63  1.21
 16.04  1.20
 16.41  1.03
 16.84  1.05
 17.23  1.06
 17.59  1.07
 18.00  1.05
 18.40  1.00
 18.11  1.04
 17.70  0.97
 17.29  1.08
 16.91  1.07
 16.52  1.01
 16.11  1.09
 15.76  1.24
 15.36  1.27
 14.95  1.27
 14.54  1.27
 14.16  1.27
 13.76  1.30
 13.37  1.31
 12.95  1.31
 12.57  1.32
 12.16  1.33
 11.76  1.36
 11.36  1.36
 10.96  1.35
 10.57  1.37
 10.16  1.35
  9.77  1.36
  9.37  1.33
  8.95  1.27
  8.55  1.24
  8.15  1.21
  7.75  1.19
  7.33  1.16
  6.93  1.13
  6.51  1.09
  6.09  1.05
  5.69  1.02
  5.28  0.98
  4.86  0.93
  4.46  0.89
  4.06  0.87
  3.67  0.82
  3.26  0.79
  2.85  0.76
  2.45  0.74
  2.04  0.69
  1.62  0.65
  1.21  0.59
  0.80  0.55
  0.38  0.50
 -0.01  0.46
 -0.42  0.42
 -0.83  0.36
 -1.24  0.30
 -1.68  0.24
 -2.05  0.18
 -2.49  0.10
 -2.89  0.04
