N0009L60X.DAT;1
NACA 0009
NANKIVIL
60K  58302.
 alpha   Cl
 -6.14 -0.55
 -5.73 -0.52
 -5.31 -0.48
 -4.92 -0.45
 -4.50 -0.42
 -4.09 -0.40
 -3.68 -0.37
 -3.26 -0.34
 -2.89 -0.29
 -2.46 -0.24
 -2.08 -0.16
 -1.65 -0.10
 -1.23 -0.07
 -0.84 -0.04
 -0.43 -0.03
 -0.03 -0.02
  0.39  0.01
  0.79  0.03
  1.19  0.07
  1.62  0.10
  2.02  0.21
  2.44  0.28
  2.85  0.32
  3.26  0.34
  3.67  0.39
  4.07  0.41
  4.49  0.47
  4.88  0.49
  5.29  0.50
  5.69  0.53
  6.10  0.56
  6.51  0.58
  6.90  0.61
  7.32  0.66
  7.71  0.66
  8.13  0.67
  8.52  0.71
  8.93  0.72
  9.34  0.76
  9.74  0.79
 10.15  0.77
 10.55  0.77
 10.92  0.67
 11.33  0.66
 11.72  0.66
 12.15  0.72
 12.50  0.59
 12.92  0.61
 13.32  0.62
 13.71  0.64
 14.11  0.62
 14.52  0.63
 14.91  0.67
 15.32  0.66
 15.72  0.70
 16.12  0.69
 16.53  0.66
 16.91  0.65
 17.34  0.77
 17.02  0.65
 16.64  0.72
 16.25  0.67
 15.81  0.68
 15.42  0.67
 15.03  0.62
 14.62  0.66
 14.23  0.66
 13.82  0.63
 13.42  0.67
 13.00  0.63
 12.64  0.72
 12.22  0.63
 11.81  0.61
 11.44  0.74
 11.03  0.69
 10.63  0.73
 10.21  0.64
  9.82  0.71
  9.44  0.70
  9.03  0.72
  8.65  0.71
  8.24  0.68
  7.82  0.67
  7.42  0.66
  7.02  0.64
  6.62  0.61
  6.20  0.58
  5.81  0.54
  5.39  0.51
  4.99  0.48
  4.59  0.47
  4.17  0.43
  3.76  0.39
  3.37  0.36
  2.96  0.33
  2.55  0.29
  2.14  0.20
  1.72  0.12
  1.31  0.07
  0.90  0.05
  0.49  0.02
  0.08 -0.01
 -0.31 -0.02
 -0.72 -0.04
 -1.12 -0.05
 -1.53 -0.08
 -1.93 -0.12
 -2.36 -0.22
 -2.78 -0.28
 -3.19 -0.32
 -3.58 -0.37
 -3.98 -0.39
 -4.40 -0.45
 -4.82 -0.49
 -5.20 -0.50
 -5.63 -0.53
 -6.01 -0.54
