N2411L60X.DAT;1
NACA 2.5411
FRASER
60K  58817.
 alpha   Cl
 -6.12 -0.41
 -5.71 -0.40
 -5.29 -0.36
 -4.91 -0.35
 -4.48 -0.33
 -4.08 -0.29
 -3.68 -0.27
 -3.27 -0.24
 -2.86 -0.20
 -2.45 -0.16
 -2.05 -0.12
 -1.62 -0.08
 -1.21 -0.04
 -0.82  0.00
 -0.40  0.08
  0.01  0.15
  0.42  0.20
  0.83  0.24
  1.25  0.30
  1.64  0.36
  2.07  0.39
  2.48  0.45
  2.87  0.49
  3.29  0.52
  3.69  0.54
  4.10  0.60
  4.51  0.62
  4.92  0.64
  5.32  0.67
  5.74  0.69
  6.14  0.71
  6.53  0.76
  6.94  0.79
  7.35  0.80
  7.74  0.81
  8.17  0.83
  8.57  0.87
  8.96  0.86
  9.37  0.88
  9.77  0.92
 10.17  0.90
 10.57  0.95
 10.99  0.98
 11.38  0.98
 11.78  0.96
 12.18  0.97
 12.57  0.96
 12.96  0.89
 13.36  0.81
 13.77  0.84
 14.15  0.79
 14.52  0.70
 14.92  0.69
 15.32  0.70
 15.71  0.66
 16.14  0.73
 16.52  0.68
 16.94  0.72
 17.33  0.74
 17.03  0.75
 16.65  0.77
 16.23  0.71
 15.83  0.71
 15.46  0.80
 15.04  0.70
 14.63  0.70
 14.27  0.78
 13.86  0.78
 13.43  0.71
 13.03  0.69
 12.67  0.81
 12.26  0.93
 11.89  0.97
 11.49  0.97
 11.09  0.98
 10.68  0.92
 10.27  0.94
  9.89  0.92
  9.47  0.89
  9.07  0.86
  8.66  0.87
  8.25  0.87
  7.86  0.83
  7.44  0.79
  7.05  0.76
  6.65  0.74
  6.24  0.71
  5.85  0.68
  5.43  0.66
  5.02  0.65
  4.62  0.60
  4.21  0.59
  3.81  0.55
  3.39  0.51
  2.98  0.49
  2.59  0.45
  2.18  0.41
  1.75  0.37
  1.36  0.32
  0.94  0.25
  0.52  0.19
  0.11  0.14
 -0.29  0.07
 -0.71  0.01
 -1.13 -0.04
 -1.55 -0.09
 -1.96 -0.14
 -2.35 -0.17
 -2.75 -0.20
 -3.16 -0.22
 -3.60 -0.26
 -3.97 -0.29
 -4.37 -0.33
 -4.79 -0.35
 -5.21 -0.40
 -5.60 -0.41
 -6.00 -0.43
