NACA64L80X.DAT;1
NACA 64A010
CHAMPINE
80K  79755.
 alpha   Cl
 -6.13 -0.53
 -5.72 -0.52
 -5.33 -0.48
 -4.91 -0.45
 -4.50 -0.44
 -4.10 -0.41
 -3.69 -0.38
 -3.29 -0.35
 -2.89 -0.31
 -2.47 -0.27
 -2.07 -0.23
 -1.66 -0.19
 -1.25 -0.12
 -0.83 -0.06
 -0.40  0.00
 -0.02 -0.01
  0.39  0.06
  0.80  0.12
  1.22  0.17
  1.63  0.23
  2.04  0.27
  2.45  0.31
  2.85  0.36
  3.26  0.38
  3.67  0.41
  4.09  0.44
  4.48  0.45
  4.89  0.47
  5.28  0.51
  5.70  0.53
  6.11  0.57
  6.51  0.59
  6.91  0.61
  7.31  0.65
  7.73  0.67
  8.12  0.69
  8.53  0.70
  8.93  0.74
  9.35  0.78
  9.73  0.73
 10.13  0.72
 10.56  0.82
 10.94  0.76
 11.34  0.71
 11.74  0.76
 12.13  0.70
 12.53  0.72
 12.93  0.74
 13.33  0.73
 13.73  0.71
 14.11  0.68
 14.53  0.68
 14.94  0.66
 15.32  0.67
 15.74  0.73
 16.13  0.67
 16.53  0.70
 16.93  0.66
 17.33  0.69
 17.04  0.67
 16.63  0.69
 16.23  0.69
 15.84  0.68
 15.44  0.67
 15.02  0.66
 14.62  0.66
 14.23  0.68
 13.83  0.68
 13.44  0.72
 13.05  0.70
 12.63  0.67
 12.24  0.74
 11.85  0.75
 11.44  0.74
 11.04  0.73
 10.63  0.75
 10.26  0.83
  9.85  0.77
  9.45  0.76
  9.04  0.76
  8.64  0.72
  8.23  0.72
  7.84  0.68
  7.42  0.66
  7.02  0.64
  6.61  0.61
  6.19  0.58
  5.81  0.55
  5.39  0.54
  4.99  0.50
  4.58  0.47
  4.18  0.44
  3.77  0.42
  3.36  0.40
  2.97  0.36
  2.54  0.32
  2.15  0.28
  1.71  0.23
  1.31  0.17
  0.90  0.10
  0.51  0.06
  0.10  0.01
 -0.31  0.00
 -0.72 -0.04
 -1.14 -0.11
 -1.57 -0.19
 -1.96 -0.25
 -2.37 -0.28
 -2.77 -0.32
 -3.18 -0.35
 -3.58 -0.38
 -4.01 -0.42
 -4.41 -0.44
 -4.82 -0.46
 -5.22 -0.48
 -5.63 -0.52
 -6.03 -0.54
