N0009L100X.DAT;1
NACA 0009
NANKIVIL
100K  99944.
 alpha   Cl
 -6.15 -0.56
 -5.71 -0.53
 -5.34 -0.50
 -4.90 -0.47
 -4.49 -0.43
 -4.08 -0.40
 -3.68 -0.38
 -3.30 -0.35
 -2.89 -0.31
 -2.47 -0.26
 -2.04 -0.21
 -1.65 -0.15
 -1.24 -0.08
 -0.83 -0.05
 -0.44 -0.04
 -0.03 -0.03
  0.38 -0.01
  0.80  0.05
  1.21  0.11
  1.62  0.19
  2.01  0.22
  2.43  0.27
  2.85  0.30
  3.26  0.34
  3.65  0.37
  4.07  0.41
  4.47  0.44
  4.88  0.47
  5.29  0.50
  5.70  0.54
  6.11  0.57
  6.51  0.60
  6.92  0.63
  7.32  0.66
  7.73  0.68
  8.14  0.70
  8.54  0.73
  8.94  0.76
  9.35  0.78
  9.76  0.78
 10.17  0.79
 10.56  0.80
 10.94  0.76
 11.35  0.71
 11.72  0.68
 12.14  0.74
 12.53  0.71
 12.92  0.76
 13.33  0.68
 13.74  0.71
 14.12  0.66
 14.52  0.66
 14.92  0.69
 15.34  0.68
 15.74  0.68
 16.13  0.69
 16.53  0.70
 16.91  0.69
 17.32  0.68
 17.04  0.69
 16.64  0.74
 16.23  0.64
 15.84  0.69
 15.43  0.68
 15.02  0.69
 14.60  0.67
 14.22  0.65
 13.84  0.70
 13.42  0.66
 13.03  0.69
 12.62  0.71
 12.24  0.70
 11.85  0.73
 11.44  0.72
 11.05  0.74
 10.64  0.78
 10.24  0.78
  9.84  0.72
  9.44  0.74
  9.05  0.75
  8.65  0.73
  8.24  0.71
  7.83  0.69
  7.42  0.66
  7.01  0.64
  6.61  0.61
  6.21  0.58
  5.79  0.54
  5.40  0.53
  4.99  0.49
  4.59  0.46
  4.16  0.42
  3.76  0.39
  3.36  0.35
  2.94  0.32
  2.53  0.28
  2.13  0.24
  1.74  0.20
  1.32  0.14
  0.90  0.07
  0.48  0.00
  0.09 -0.02
 -0.32 -0.04
 -0.72 -0.05
 -1.14 -0.07
 -1.53 -0.11
 -1.95 -0.20
 -2.35 -0.25
 -2.76 -0.30
 -3.20 -0.34
 -3.59 -0.38
 -4.00 -0.40
 -4.39 -0.43
 -4.81 -0.46
 -5.20 -0.49
 -5.64 -0.52
 -6.03 -0.56
