N6409L50X.DAT;1
NACA 6409
HALSEY
50K  50619.
 alpha   Cl
 -3.05 -0.18
 -2.65 -0.10
 -2.21 -0.03
 -1.82  0.03
 -1.41  0.13
 -1.00  0.16
 -0.56  0.17
 -0.17  0.22
  0.26  0.32
  0.67  0.33
  1.05  0.37
  1.47  0.44
  1.87  0.45
  2.27  0.47
  2.69  0.57
  3.09  0.55
  3.50  0.58
  3.90  0.61
  4.32  0.68
  4.72  0.68
  5.13  0.72
  5.57  0.82
  5.96  0.86
  6.37  0.91
  6.77  0.93
  7.17  0.97
  7.59  1.01
  8.00  1.07
  8.41  1.11
  8.81  1.13
  9.20  1.11
  9.62  1.13
 10.02  1.15
 10.43  1.15
 10.81  1.17
 11.26  1.23
 11.66  1.23
 12.04  1.24
 12.44  1.21
 12.83  1.24
 13.24  1.21
 13.63  1.23
 14.02  1.19
 14.47  1.31
 14.85  1.25
 15.19  1.06
 15.59  1.01
 16.01  1.06
 16.42  1.13
 16.80  1.14
 17.21  1.08
 17.62  1.08
 18.00  1.13
 18.40  1.05
 18.09  1.08
 17.76  1.24
 17.34  1.15
 16.93  1.10
 16.52  1.10
 16.14  1.14
 15.75  1.24
 15.35  1.22
 14.94  1.25
 14.57  1.28
 14.14  1.27
 13.77  1.31
 13.32  1.20
 12.95  1.29
 12.55  1.31
 12.14  1.27
 11.76  1.28
 11.36  1.27
 10.96  1.28
 10.54  1.23
 10.16  1.25
  9.76  1.28
  9.33  1.22
  8.92  1.14
  8.52  1.10
  8.10  1.08
  7.71  1.05
  7.28  1.01
  6.88  0.97
  6.49  0.94
  6.04  0.78
  5.67  0.82
  5.27  0.84
  4.85  0.73
  4.42  0.62
  4.03  0.68
  3.64  0.68
  3.21  0.60
  2.80  0.57
  2.38  0.54
  2.00  0.49
  1.58  0.46
  1.19  0.44
  0.76  0.38
  0.38  0.37
 -0.04  0.31
 -0.45  0.22
 -0.87  0.17
 -1.29  0.13
 -1.70  0.05
 -2.12 -0.01
 -2.52 -0.06
 -2.91 -0.09
