N0009L80X.DAT;1
NACA 0009
NANKIVIL
80K  81083.
 alpha   Cl
 -6.13 -0.54
 -5.73 -0.51
 -5.32 -0.48
 -4.93 -0.45
 -4.51 -0.42
 -4.09 -0.40
 -3.68 -0.36
 -3.29 -0.33
 -2.89 -0.29
 -2.47 -0.23
 -2.05 -0.17
 -1.63 -0.10
 -1.24 -0.06
 -0.82 -0.04
 -0.42 -0.03
 -0.03 -0.01
  0.38  0.01
  0.79  0.04
  1.20  0.11
  1.63  0.19
  2.03  0.25
  2.43  0.28
  2.84  0.32
  3.25  0.35
  3.68  0.38
  4.07  0.43
  4.47  0.45
  4.89  0.48
  5.30  0.51
  5.70  0.55
  6.10  0.57
  6.50  0.60
  6.91  0.63
  7.31  0.65
  7.73  0.68
  8.14  0.70
  8.53  0.73
  8.93  0.75
  9.34  0.79
  9.74  0.80
 10.14  0.77
 10.52  0.70
 10.94  0.74
 11.34  0.73
 11.72  0.65
 12.12  0.71
 12.52  0.71
 12.94  0.71
 13.32  0.65
 13.71  0.64
 14.11  0.72
 14.53  0.71
 14.92  0.69
 15.32  0.68
 15.74  0.72
 16.13  0.75
 16.53  0.70
 16.94  0.76
 17.34  0.70
 17.05  0.78
 16.64  0.68
 16.25  0.75
 15.85  0.74
 15.42  0.74
 15.03  0.70
 14.65  0.75
 14.22  0.70
 13.84  0.72
 13.44  0.71
 13.05  0.74
 12.64  0.71
 12.22  0.70
 11.84  0.69
 11.43  0.71
 11.03  0.71
 10.63  0.75
 10.25  0.81
  9.84  0.77
  9.45  0.77
  9.05  0.73
  8.65  0.73
  8.23  0.71
  7.83  0.69
  7.41  0.65
  7.02  0.64
  6.61  0.60
  6.20  0.58
  5.81  0.56
  5.38  0.52
  4.98  0.49
  4.59  0.46
  4.16  0.43
  3.76  0.40
  3.36  0.36
  2.96  0.33
  2.55  0.30
  2.14  0.26
  1.72  0.20
  1.31  0.12
  0.88  0.04
  0.51  0.03
  0.09  0.00
 -0.31 -0.02
 -0.72 -0.03
 -1.12 -0.05
 -1.54 -0.09
 -1.94 -0.16
 -2.36 -0.23
 -2.77 -0.28
 -3.17 -0.32
 -3.60 -0.35
 -4.00 -0.39
 -4.40 -0.41
 -4.81 -0.45
 -5.20 -0.47
 -5.61 -0.51
 -6.02 -0.54
