N6409L40X.DAT;1
NACA 6409
HALSEY
40K  39322.
 alpha   Cl
 -3.05 -0.22
 -2.65 -0.13
 -2.25 -0.11
 -1.81 -0.03
 -1.41  0.05
 -1.00  0.12
 -0.60  0.17
 -0.18  0.23
  0.22  0.24
  0.64  0.27
  1.04  0.33
  1.45  0.34
  1.84  0.34
  2.25  0.40
  2.65  0.42
  3.07  0.49
  3.48  0.54
  3.89  0.59
  4.30  0.63
  4.73  0.65
  5.15  0.75
  5.53  0.78
  5.94  0.78
  6.36  0.89
  6.76  0.86
  7.11  0.65
  7.57  0.83
  7.94  0.83
  8.31  0.60
  8.71  0.63
  9.14  0.84
  9.57  0.94
 10.00  1.05
 10.41  1.11
 10.81  1.17
 11.21  1.17
 11.62  1.13
 12.03  1.18
 12.42  1.15
 12.85  1.19
 13.25  1.19
 13.62  1.16
 14.04  1.18
 14.41  1.20
 14.81  1.10
 15.17  0.96
 15.63  1.20
 16.04  1.23
 16.38  0.98
 16.83  1.14
 17.24  1.15
 17.60  1.12
 17.97  0.98
 18.40  1.06
 18.13  1.14
 17.72  1.01
 17.34  1.17
 16.92  1.05
 16.58  1.31
 16.13  1.17
 15.73  1.14
 15.29  0.98
 14.93  1.15
 14.52  1.07
 14.14  1.21
 13.74  1.24
 13.33  1.21
 12.96  1.22
 12.56  1.26
 12.15  1.27
 11.74  1.22
 11.34  1.18
 10.94  1.21
 10.51  1.10
 10.11  1.07
  9.69  0.96
  9.23  0.76
  8.85  0.77
  8.45  0.73
  8.03  0.70
  7.65  0.68
  7.25  0.83
  6.87  0.85
  6.47  0.80
  6.04  0.83
  5.64  0.76
  5.23  0.64
  4.81  0.60
  4.42  0.63
  4.02  0.62
  3.59  0.56
  3.18  0.52
  2.81  0.51
  2.37  0.49
  1.96  0.40
  1.56  0.41
  1.16  0.38
  0.77  0.34
  0.35  0.29
 -0.05  0.22
 -0.48  0.16
 -0.89  0.08
 -1.29  0.07
 -1.73 -0.02
 -2.12 -0.04
 -2.53 -0.07
 -2.96 -0.16
