N6409L80X.DAT;1
NACA 6409
HALSEY
80K  81356.
 alpha   Cl
 -2.97  0.09
 -2.57  0.14
 -2.17  0.21
 -1.77  0.27
 -1.36  0.33
 -0.90  0.38
 -0.55  0.43
 -0.07  0.50
  0.32  0.55
  0.71  0.58
  1.10  0.62
  1.51  0.67
  1.91  0.70
  2.34  0.73
  2.72  0.77
  3.13  0.81
  3.54  0.85
  3.97  0.89
  4.36  0.93
  4.76  0.96
  5.23  1.00
  5.59  1.02
  5.98  1.08
  6.41  1.10
  6.81  1.13
  7.22  1.16
  7.63  1.19
  8.05  1.24
  8.47  1.27
  8.87  1.30
  9.25  1.31
  9.65  1.34
 10.06  1.36
 10.49  1.39
 10.86  1.39
 11.26  1.35
 11.66  1.37
 12.06  1.35
 12.44  1.31
 12.88  1.32
 13.28  1.31
 13.64  1.32
 14.05  1.31
 14.45  1.29
 14.85  1.30
 15.27  1.30
 15.67  1.28
 16.03  1.22
 16.44  1.14
 16.82  1.15
 17.26  1.13
 17.60  1.08
 18.01  1.11
 18.40  1.05
 18.12  1.07
 17.74  1.21
 17.37  1.24
 16.97  1.28
 16.55  1.32
 16.16  1.25
 15.75  1.23
 15.35  1.25
 14.96  1.26
 14.56  1.27
 14.16  1.29
 13.77  1.31
 13.35  1.30
 12.97  1.30
 12.57  1.33
 12.17  1.33
 11.78  1.36
 11.39  1.38
 10.97  1.38
 10.58  1.37
 10.17  1.36
  9.78  1.35
  9.36  1.33
  8.97  1.30
  8.54  1.26
  8.15  1.24
  7.75  1.21
  7.32  1.19
  6.94  1.15
  6.52  1.12
  6.10  1.07
  5.71  1.04
  5.30  1.00
  4.90  0.98
  4.47  0.92
  4.09  0.88
  3.67  0.85
  3.25  0.80
  2.86  0.78
  2.44  0.73
  2.06  0.70
  1.63  0.67
  1.21  0.61
  0.82  0.58
  0.41  0.54
 -0.03  0.49
 -0.40  0.44
 -0.82  0.38
 -1.23  0.34
 -1.64  0.29
 -2.05  0.22
 -2.48  0.15
 -2.91  0.05
