N2411L100X.DAT;2
NACA 2.5411
FRASER
100K  101017.
 alpha   Cl
 -7.11 -0.49
 -6.69 -0.47
 -6.32 -0.45
 -5.91 -0.43
 -5.52 -0.41
 -5.11 -0.38
 -4.69 -0.35
 -4.28 -0.32
 -3.88 -0.28
 -3.47 -0.23
 -3.04 -0.18
 -2.63 -0.12
 -2.23 -0.06
 -1.84 -0.02
 -1.40  0.03
 -0.99  0.09
 -0.58  0.16
 -0.19  0.20
  0.24  0.24
  0.64  0.28
  1.04  0.32
  1.47  0.35
  1.87  0.39
  2.29  0.42
  2.67  0.46
  3.08  0.50
  3.50  0.53
  3.89  0.57
  4.31  0.61
  4.71  0.64
  5.11  0.68
  5.54  0.71
  5.93  0.74
  6.34  0.76
  6.74  0.79
  7.15  0.81
  7.55  0.84
  7.95  0.86
  8.36  0.88
  8.77  0.91
  9.16  0.93
  9.58  0.95
  9.98  0.97
 10.38  0.98
 10.79  1.00
 11.20  1.02
 11.59  1.02
 12.02  1.03
 12.36  0.82
 12.77  0.88
 13.15  0.82
 13.56  0.89
 13.96  0.83
 14.35  0.80
 14.76  0.81
 15.15  0.76
 15.53  0.79
 15.95  0.80
 16.34  0.79
 16.76  0.81
 17.15  0.75
 17.54  0.75
 17.93  0.77
 18.32  0.73
 18.77  0.73
 19.13  0.77
 19.20  0.82
 18.88  0.81
 18.45  0.78
 18.04  0.77
 17.62  0.73
 17.27  0.79
 16.85  0.73
 16.45  0.79
 16.04  0.80
 15.67  0.79
 15.23  0.79
 14.86  0.78
 14.44  0.80
 14.06  0.83
 13.66  0.81
 13.24  0.83
 12.87  0.89
 12.46  0.84
 12.09  1.03
 11.69  1.02
 11.30  1.01
 10.89  1.01
 10.49  0.99
 10.10  0.97
  9.68  0.96
  9.28  0.93
  8.87  0.91
  8.48  0.90
  8.07  0.87
  7.65  0.84
  7.27  0.82
  6.86  0.79
  6.44  0.77
  6.04  0.74
  5.65  0.70
  5.21  0.67
  4.82  0.64
  4.42  0.61
  4.00  0.57
  3.60  0.54
  3.20  0.50
  2.79  0.46
  2.38  0.43
  1.97  0.39
  1.56  0.36
  1.16  0.32
  0.75  0.29
  0.33  0.25
 -0.05  0.21
 -0.47  0.16
 -0.91  0.10
 -1.29  0.04
 -1.71 -0.01
 -2.11 -0.07
 -2.53 -0.12
 -2.95 -0.18
 -3.37 -0.24
 -3.76 -0.27
 -4.18 -0.32
 -4.62 -0.35
 -5.01 -0.38
 -5.39 -0.40
 -5.83 -0.43
 -6.20 -0.45
 -6.61 -0.47
 -7.03 -0.49
