N6409L60X.DAT;1
NACA 6409
HALSEY
60K  58178.
 alpha   Cl
 -3.03 -0.05
 -2.59  0.03
 -2.21  0.11
 -1.76  0.21
 -1.39  0.21
 -0.97  0.26
 -0.56  0.30
 -0.16  0.34
  0.26  0.40
  0.67  0.43
  1.08  0.47
  1.49  0.56
  1.90  0.57
  2.30  0.62
  2.71  0.66
  3.11  0.69
  3.53  0.75
  3.94  0.79
  4.36  0.84
  4.74  0.85
  5.16  0.90
  5.56  0.91
  5.97  0.96
  6.38  1.00
  6.79  1.04
  7.19  1.06
  7.60  1.08
  8.05  1.18
  8.42  1.16
  8.82  1.20
  9.24  1.26
  9.64  1.28
 10.05  1.31
 10.45  1.33
 10.85  1.32
 11.26  1.35
 11.69  1.38
 12.05  1.30
 12.45  1.32
 12.85  1.29
 13.28  1.32
 13.64  1.27
 14.04  1.27
 14.43  1.29
 14.85  1.30
 15.23  1.28
 15.62  1.24
 16.03  1.27
 16.47  1.24
 16.80  1.13
 17.22  1.14
 17.62  1.19
 18.05  1.25
 18.42  1.19
 18.13  1.16
 17.72  1.06
 17.35  1.23
 16.94  1.18
 16.56  1.29
 16.14  1.26
 15.76  1.29
 15.35  1.27
 14.96  1.29
 14.56  1.31
 14.15  1.26
 13.77  1.32
 13.34  1.29
 12.97  1.32
 12.57  1.33
 12.17  1.32
 11.75  1.37
 11.39  1.39
 10.95  1.36
 10.57  1.35
 10.17  1.32
  9.76  1.30
  9.36  1.28
  8.95  1.26
  8.54  1.20
  8.14  1.18
  7.73  1.13
  7.32  1.09
  6.91  1.04
  6.50  1.02
  6.11  1.02
  5.69  0.96
  5.28  0.93
  4.88  0.91
  4.47  0.85
  4.06  0.82
  3.66  0.79
  3.25  0.73
  2.81  0.67
  2.42  0.64
  2.03  0.63
  1.61  0.60
  1.18  0.48
  0.81  0.53
  0.39  0.47
 -0.04  0.38
 -0.45  0.30
 -0.84  0.32
 -1.25  0.24
 -1.67  0.17
 -2.09  0.09
 -2.49  0.03
 -2.92 -0.07
