N2411L80X.DAT;1
NACA 2.5411
FRASER
80K  81506.
 alpha   Cl
 -6.11 -0.43
 -5.71 -0.42
 -5.31 -0.39
 -4.89 -0.36
 -4.50 -0.33
 -4.09 -0.30
 -3.67 -0.26
 -3.26 -0.23
 -2.85 -0.19
 -2.45 -0.14
 -2.04 -0.09
 -1.63 -0.04
 -1.20  0.02
 -0.78  0.09
 -0.37  0.15
  0.02  0.20
  0.43  0.26
  0.83  0.30
  1.25  0.34
  1.67  0.37
  2.08  0.42
  2.46  0.44
  2.87  0.48
  3.29  0.50
  3.69  0.53
  4.12  0.58
  4.51  0.60
  4.91  0.65
  5.32  0.68
  5.72  0.70
  6.14  0.74
  6.54  0.77
  6.94  0.79
  7.36  0.81
  7.76  0.85
  8.17  0.87
  8.57  0.89
  8.96  0.90
  9.39  0.93
  9.79  0.95
 10.18  0.96
 10.59  0.98
 10.99  0.99
 11.39  1.02
 11.80  1.01
 12.18  1.04
 12.56  0.87
 12.97  0.87
 13.36  0.81
 13.76  0.82
 14.15  0.81
 14.55  0.82
 14.97  0.83
 15.37  0.80
 15.74  0.82
 16.16  0.84
 16.55  0.80
 16.95  0.77
 17.34  0.78
 17.04  0.76
 16.65  0.84
 16.26  0.80
 15.89  0.87
 15.45  0.80
 15.05  0.82
 14.66  0.79
 14.26  0.84
 13.86  0.86
 13.47  0.86
 13.07  0.83
 12.68  0.93
 12.31  1.01
 11.91  1.02
 11.50  1.01
 11.09  1.00
 10.69  0.99
 10.29  0.99
  9.89  0.95
  9.47  0.92
  9.06  0.89
  8.67  0.89
  8.28  0.86
  7.86  0.83
  7.45  0.82
  7.06  0.79
  6.65  0.77
  6.23  0.74
  5.84  0.72
  5.42  0.69
  5.01  0.65
  4.63  0.62
  4.20  0.58
  3.81  0.55
  3.40  0.51
  2.99  0.49
  2.58  0.45
  2.16  0.41
  1.75  0.38
  1.34  0.34
  0.96  0.30
  0.53  0.25
  0.13  0.21
 -0.28  0.15
 -0.70  0.09
 -1.11  0.02
 -1.54 -0.04
 -1.93 -0.09
 -2.36 -0.14
 -2.74 -0.18
 -3.16 -0.22
 -3.57 -0.27
 -3.98 -0.30
 -4.38 -0.33
 -4.80 -0.36
 -5.20 -0.38
 -5.61 -0.41
 -5.99 -0.43
