NACA64L60X.DAT;2
NACA 64A010
CHAMPINE
60K  60023.
 alpha   Cl
 -6.12 -0.56
 -5.72 -0.54
 -5.30 -0.51
 -4.91 -0.47
 -4.51 -0.45
 -4.11 -0.42
 -3.69 -0.39
 -3.29 -0.34
 -2.88 -0.29
 -2.47 -0.23
 -2.05 -0.14
 -1.63 -0.07
 -1.22 -0.03
 -0.82 -0.01
 -0.43 -0.02
 -0.02  0.00
  0.38  0.03
  0.78  0.03
  1.19  0.06
  1.60  0.12
  2.02  0.22
  2.44  0.29
  2.85  0.34
  3.27  0.39
  3.67  0.41
  4.07  0.44
  4.48  0.46
  4.88  0.49
  5.28  0.50
  5.70  0.52
  6.09  0.53
  6.49  0.55
  6.90  0.57
  7.32  0.61
  7.71  0.63
  8.11  0.65
  8.51  0.67
  8.92  0.68
  9.32  0.70
  9.73  0.73
 10.13  0.75
 10.52  0.69
 10.90  0.61
 11.31  0.61
 11.71  0.62
 12.12  0.63
 12.51  0.58
 12.93  0.65
 13.32  0.65
 13.71  0.66
 14.09  0.59
 14.50  0.60
 14.91  0.59
 15.31  0.62
 15.72  0.67
 16.10  0.60
 16.51  0.67
 16.93  0.72
 17.31  0.69
 17.02  0.62
 16.63  0.64
 16.22  0.63
 15.82  0.66
 15.42  0.61
 15.02  0.63
 14.62  0.62
 14.21  0.61
 13.80  0.55
 13.41  0.57
 13.01  0.62
 12.63  0.68
 12.21  0.64
 11.83  0.71
 11.43  0.65
 11.03  0.71
 10.62  0.68
 10.24  0.77
  9.84  0.74
  9.45  0.72
  9.04  0.71
  8.62  0.69
  8.24  0.69
  7.82  0.67
  7.41  0.63
  7.02  0.62
  6.61  0.59
  6.20  0.58
  5.79  0.53
  5.40  0.52
  4.99  0.50
  4.59  0.46
  4.18  0.45
  3.77  0.42
  3.37  0.40
  2.95  0.35
  2.55  0.30
  2.14  0.22
  1.71  0.13
  1.30  0.08
  0.91  0.03
  0.49  0.02
  0.09  0.00
 -0.31  0.00
 -0.73 -0.01
 -1.12 -0.04
 -1.53 -0.07
 -1.96 -0.16
 -2.36 -0.29
 -2.79 -0.35
 -3.21 -0.38
 -3.60 -0.41
 -4.00 -0.45
 -4.41 -0.46
 -4.82 -0.46
 -5.22 -0.48
 -5.62 -0.49
 -6.03 -0.53
