N0009L4X.DAT;1
NACA 0009
NANKIVIL
40K  39717.
 alpha   Cl
 -6.14 -0.57
 -5.72 -0.52
 -5.33 -0.50
 -4.89 -0.45
 -4.52 -0.44
 -4.11 -0.44
 -3.71 -0.36
 -3.27 -0.33
 -2.88 -0.28
 -2.46 -0.24
 -2.04 -0.17
 -1.64 -0.15
 -1.24 -0.11
 -0.83 -0.07
 -0.43 -0.04
 -0.03 -0.05
  0.39  0.00
  0.79  0.01
  1.18  0.05
  1.61  0.07
  2.01  0.10
  2.43  0.14
  2.83  0.18
  3.24  0.28
  3.65  0.34
  4.07  0.40
  4.47  0.42
  4.88  0.43
  5.28  0.47
  5.68  0.49
  6.09  0.53
  6.50  0.55
  6.90  0.59
  7.31  0.62
  7.71  0.65
  8.12  0.65
  8.53  0.67
  8.93  0.71
  9.34  0.69
  9.73  0.70
 10.13  0.71
 10.51  0.64
 10.95  0.75
 11.32  0.71
 11.75  0.77
 12.12  0.67
 12.51  0.68
 12.91  0.61
 13.30  0.65
 13.71  0.61
 14.16  0.71
 14.53  0.62
 14.90  0.62
 15.30  0.58
 15.71  0.66
 16.13  0.65
 16.52  0.66
 16.91  0.64
 17.32  0.65
 17.03  0.64
 16.61  0.66
 16.22  0.65
 15.82  0.65
 15.44  0.67
 15.03  0.64
 14.60  0.59
 14.25  0.68
 13.80  0.60
 13.41  0.65
 13.05  0.73
 12.64  0.68
 12.24  0.69
 11.85  0.77
 11.44  0.77
 11.05  0.82
 10.64  0.79
 10.23  0.71
  9.85  0.78
  9.42  0.70
  9.04  0.72
  8.63  0.69
  8.23  0.67
  7.82  0.66
  7.41  0.63
  7.00  0.58
  6.61  0.60
  6.19  0.55
  5.80  0.55
  5.41  0.51
  5.00  0.50
  4.59  0.47
  4.18  0.43
  3.75  0.37
  3.35  0.31
  2.93  0.22
  2.53  0.21
  2.12  0.16
  1.72  0.15
  1.32  0.12
  0.91  0.07
  0.51  0.05
  0.09  0.03
 -0.31  0.03
 -0.72  0.01
 -1.13  0.00
 -1.51 -0.05
 -1.93 -0.06
 -2.33 -0.11
 -2.76 -0.18
 -3.16 -0.24
 -3.58 -0.31
 -3.99 -0.34
 -4.40 -0.42
 -4.81 -0.39
 -5.19 -0.42
 -5.62 -0.44
 -6.03 -0.51
