NACA64L100X.DAT;1
NACA 64A010
CHAMPINE
100K  100598.
 alpha   Cl
 -6.14 -0.57
 -5.74 -0.55
 -5.32 -0.52
 -4.93 -0.49
 -4.52 -0.47
 -4.11 -0.44
 -3.70 -0.41
 -3.30 -0.38
 -2.90 -0.36
 -2.48 -0.32
 -2.08 -0.28
 -1.67 -0.24
 -1.27 -0.20
 -0.85 -0.13
 -0.43 -0.05
 -0.02 -0.03
  0.38  0.01
  0.80  0.09
  1.21  0.16
  1.63  0.22
  2.04  0.27
  2.45  0.30
  2.86  0.34
  3.26  0.38
  3.68  0.40
  4.08  0.42
  4.47  0.45
  4.87  0.47
  5.28  0.50
  5.70  0.52
  6.10  0.55
  6.51  0.58
  6.91  0.61
  7.31  0.63
  7.72  0.67
  8.13  0.70
  8.54  0.72
  8.94  0.76
  9.34  0.73
  9.72  0.72
 10.11  0.66
 10.54  0.78
 10.94  0.77
 11.33  0.74
 11.75  0.75
 12.14  0.73
 12.53  0.70
 12.95  0.75
 13.32  0.68
 13.74  0.68
 14.11  0.66
 14.52  0.68
 14.91  0.64
 15.32  0.70
 15.71  0.63
 16.11  0.68
 16.53  0.70
 16.91  0.63
 17.32  0.69
 17.02  0.67
 16.63  0.67
 16.23  0.65
 15.82  0.62
 15.44  0.66
 15.02  0.66
 14.62  0.61
 14.23  0.64
 13.83  0.68
 13.45  0.68
 13.04  0.71
 12.64  0.70
 12.23  0.73
 11.83  0.73
 11.45  0.77
 11.03  0.71
 10.66  0.81
 10.25  0.78
  9.86  0.76
  9.44  0.77
  9.04  0.72
  8.63  0.71
  8.22  0.69
  7.82  0.66
  7.42  0.64
  7.02  0.62
  6.60  0.59
  6.21  0.57
  5.79  0.53
  5.38  0.50
  4.98  0.47
  4.59  0.45
  4.18  0.43
  3.77  0.40
  3.37  0.36
  2.96  0.34
  2.56  0.32
  2.16  0.29
  1.72  0.23
  1.32  0.18
  0.90  0.10
  0.48  0.02
  0.07 -0.03
 -0.33 -0.04
 -0.75 -0.11
 -1.15 -0.18
 -1.57 -0.24
 -1.98 -0.28
 -2.37 -0.31
 -2.79 -0.35
 -3.18 -0.38
 -3.60 -0.40
 -4.00 -0.44
 -4.41 -0.45
 -4.81 -0.49
 -5.21 -0.51
 -5.64 -0.53
 -6.04 -0.56
