RGL60X.DAT;1
RG15
FOX
60K  58585.
 alpha   Cl
 -6.11 -0.44
 -5.70 -0.42
 -5.29 -0.37
 -4.90 -0.35
 -4.49 -0.31
 -4.08 -0.28
 -3.67 -0.24
 -3.26 -0.21
 -2.84 -0.18
 -2.44 -0.14
 -2.05 -0.13
 -1.64 -0.10
 -1.25 -0.07
 -0.83 -0.04
 -0.42  0.01
 -0.02  0.05
  0.40  0.09
  0.81  0.13
  1.22  0.18
  1.62  0.21
  2.04  0.29
  2.46  0.37
  2.87  0.43
  3.28  0.49
  3.70  0.54
  4.11  0.58
  4.50  0.61
  4.92  0.65
  5.33  0.68
  5.73  0.71
  6.14  0.75
  6.55  0.78
  6.96  0.81
  7.35  0.84
  7.77  0.88
  8.17  0.90
  8.56  0.90
  8.99  0.95
  9.39  0.97
  9.79  0.99
 10.18  1.00
 10.58  1.01
 10.99  1.02
 11.39  1.03
 11.81  1.04
 12.19  1.00
 12.59  1.00
 12.98  0.94
 13.38  0.97
 13.77  0.88
 14.19  0.98
 14.59  0.95
 14.97  0.94
 15.38  0.92
 15.76  0.89
 16.17  0.86
 16.57  0.92
 16.96  0.86
 17.37  0.86
 17.07  0.85
 16.66  0.88
 16.26  0.89
 15.86  0.86
 15.49  0.92
 15.08  0.95
 14.68  0.92
 14.27  0.93
 13.87  0.88
 13.48  0.92
 13.10  1.00
 12.70  1.01
 12.32  1.10
 11.92  1.08
 11.51  1.03
 11.10  1.05
 10.69  1.03
 10.30  1.02
  9.89  0.98
  9.49  0.99
  9.08  0.95
  8.68  0.94
  8.28  0.90
  7.87  0.88
  7.47  0.90
  7.07  0.89
  6.68  0.96
  6.26  0.79
  5.86  0.79
  5.44  0.70
  5.03  0.67
  4.62  0.64
  4.22  0.61
  3.80  0.56
  3.39  0.51
  2.97  0.44
  2.55  0.37
  2.15  0.31
  1.73  0.23
  1.33  0.19
  0.92  0.14
  0.52  0.11
  0.10  0.06
 -0.32  0.01
 -0.73 -0.03
 -1.14 -0.06
 -1.54 -0.08
 -1.95 -0.12
 -2.34 -0.14
 -2.75 -0.18
 -3.15 -0.20
 -3.56 -0.23
 -3.98 -0.28
 -4.38 -0.31
 -4.78 -0.34
 -5.18 -0.37
 -5.59 -0.41
 -6.03 -0.46
