RGL80X.DAT;1
RG15
FOX
80K  81431.
 alpha   Cl
 -6.12 -0.44
 -5.71 -0.39
 -5.30 -0.37
 -4.89 -0.34
 -4.47 -0.31
 -4.07 -0.27
 -3.68 -0.24
 -3.26 -0.20
 -2.85 -0.16
 -2.44 -0.13
 -2.04 -0.10
 -1.64 -0.07
 -1.23 -0.04
 -0.81 -0.01
 -0.41  0.03
 -0.00  0.07
  0.40  0.11
  0.81  0.15
  1.24  0.21
  1.64  0.29
  2.05  0.36
  2.48  0.43
  2.89  0.48
  3.29  0.53
  3.69  0.54
  4.11  0.59
  4.51  0.62
  4.91  0.66
  5.32  0.69
  5.74  0.73
  6.14  0.77
  6.54  0.79
  6.96  0.83
  7.37  0.86
  7.77  0.88
  8.18  0.92
  8.58  0.95
  8.99  0.97
  9.40  0.99
  9.79  1.01
 10.19  1.02
 10.59  1.03
 11.00  1.06
 11.40  1.07
 11.80  1.08
 12.21  1.12
 12.59  1.02
 12.98  1.00
 13.40  1.03
 13.79  0.99
 14.17  0.95
 14.57  0.95
 14.97  0.93
 15.38  0.90
 15.78  0.92
 16.18  0.92
 16.58  0.94
 16.95  0.85
 17.36  0.87
 17.08  0.92
 16.69  0.93
 16.27  0.89
 15.86  0.91
 15.50  0.96
 15.09  0.92
 14.68  0.93
 14.29  0.97
 13.88  0.92
 13.51  1.02
 13.10  1.03
 12.71  1.09
 12.30  1.05
 11.91  1.07
 11.51  1.08
 11.12  1.07
 10.70  1.05
 10.30  1.04
  9.90  1.02
  9.50  1.00
  9.09  0.98
  8.68  0.96
  8.28  0.92
  7.89  0.90
  7.48  0.87
  7.07  0.84
  6.64  0.81
  6.24  0.78
  5.85  0.74
  5.43  0.71
  5.03  0.68
  4.62  0.64
  4.21  0.61
  3.80  0.57
  3.39  0.54
  2.99  0.50
  2.59  0.45
  2.16  0.38
  1.73  0.29
  1.34  0.22
  0.92  0.17
  0.51  0.13
  0.10  0.09
 -0.31  0.04
 -0.72 -0.01
 -1.13 -0.03
 -1.52 -0.06
 -1.92 -0.08
 -2.33 -0.11
 -2.74 -0.15
 -3.14 -0.19
 -3.56 -0.22
 -3.97 -0.26
 -4.37 -0.29
 -4.78 -0.32
 -5.18 -0.35
 -5.60 -0.39
 -6.01 -0.42
