RGL100X.DAT;1
RG15
FOX
100K  103229.
 alpha   Cl
 -6.12 -0.45
 -5.70 -0.41
 -5.30 -0.37
 -4.89 -0.35
 -4.48 -0.31
 -4.08 -0.27
 -3.67 -0.24
 -3.26 -0.21
 -2.87 -0.17
 -2.44 -0.13
 -2.03 -0.10
 -1.64 -0.07
 -1.22 -0.04
 -0.82 -0.01
 -0.41  0.03
  0.01  0.07
  0.39  0.12
  0.81  0.19
  1.23  0.26
  1.64  0.33
  2.06  0.40
  2.47  0.45
  2.87  0.49
  3.30  0.53
  3.70  0.56
  4.11  0.59
  4.50  0.63
  4.92  0.66
  5.32  0.70
  5.73  0.74
  6.15  0.77
  6.55  0.82
  6.97  0.85
  7.36  0.88
  7.78  0.90
  8.19  0.93
  8.57  0.96
  8.99  0.99
  9.39  1.01
  9.80  1.03
 10.20  1.04
 10.61  1.06
 11.01  1.07
 11.41  1.08
 11.80  1.10
 12.21  1.09
 12.59  0.99
 13.01  1.10
 13.38  0.99
 13.81  1.00
 14.19  0.96
 14.57  0.91
 14.95  0.90
 15.38  0.95
 15.77  0.92
 16.19  0.97
 16.57  0.92
 16.98  0.91
 17.35  0.87
 17.07  0.90
 16.65  0.89
 16.26  0.87
 15.88  0.93
 15.50  0.94
 15.09  0.92
 14.69  0.93
 14.31  1.01
 13.90  1.00
 13.49  0.96
 13.11  1.04
 12.72  1.10
 12.31  1.09
 11.90  1.09
 11.50  1.08
 11.11  1.07
 10.71  1.07
 10.31  1.06
  9.91  1.03
  9.50  1.02
  9.10  0.99
  8.69  0.97
  8.28  0.95
  7.87  0.91
  7.47  0.88
  7.05  0.85
  6.66  0.82
  6.24  0.79
  5.85  0.75
  5.43  0.71
  5.03  0.68
  4.62  0.64
  4.21  0.60
  3.81  0.57
  3.40  0.54
  2.98  0.50
  2.57  0.46
  2.16  0.41
  1.76  0.35
  1.34  0.29
  0.92  0.20
  0.52  0.14
  0.12  0.09
 -0.30  0.05
 -0.70  0.01
 -1.13 -0.02
 -1.52 -0.05
 -1.93 -0.09
 -2.32 -0.11
 -2.75 -0.15
 -3.15 -0.19
 -3.55 -0.22
 -3.98 -0.27
 -4.38 -0.30
 -4.78 -0.33
 -5.19 -0.36
 -5.60 -0.39
 -6.00 -0.43
