S2048L100X.DAT;1
S2048
BECK
100K  102503.
 alpha   Cl
 -7.12 -0.47
 -6.71 -0.44
 -6.29 -0.41
 -5.90 -0.37
 -5.48 -0.34
 -5.08 -0.31
 -4.68 -0.27
 -4.27 -0.24
 -3.86 -0.21
 -3.46 -0.16
 -3.05 -0.13
 -2.63 -0.10
 -2.25 -0.07
 -1.84 -0.04
 -1.44 -0.01
 -1.01  0.04
 -0.62  0.07
 -0.19  0.12
  0.23  0.17
  0.63  0.23
  1.04  0.29
  1.45  0.35
  1.88  0.43
  2.28  0.50
  2.69  0.55
  3.10  0.58
  3.51  0.64
  3.93  0.67
  4.32  0.70
  4.73  0.73
  5.14  0.75
  5.54  0.78
  5.95  0.81
  6.35  0.84
  6.76  0.87
  7.17  0.90
  7.57  0.92
  7.98  0.94
  8.38  0.96
  8.79  0.98
  9.19  1.00
  9.60  1.02
 10.00  1.03
 10.40  1.03
 10.80  1.04
 11.21  1.13
 11.57  1.02
 12.03  1.11
 12.40  0.99
 12.77  0.93
 13.18  0.96
 13.57  0.89
 13.97  0.94
 14.37  0.92
 14.75  0.85
 15.16  0.87
 15.57  0.86
 15.95  0.84
 16.36  0.87
 16.76  0.85
 17.16  0.86
 17.56  0.85
 17.96  0.88
 18.39  0.97
 18.79  0.97
 19.19  0.95
 19.22  0.89
 18.88  0.98
 18.48  0.92
 18.08  0.89
 17.65  0.87
 17.28  0.87
 16.87  0.90
 16.47  0.85
 16.06  0.90
 15.68  0.88
 15.26  0.87
 14.87  0.87
 14.46  0.87
 14.07  0.92
 13.69  1.04
 13.29  0.98
 12.89  0.96
 12.51  1.08
 12.09  1.02
 11.70  1.02
 11.30  1.06
 10.90  1.03
 10.49  1.04
 10.09  1.02
  9.70  1.02
  9.30  0.99
  8.89  0.96
  8.48  0.97
  8.09  0.95
  7.67  0.92
  7.28  0.90
  6.86  0.87
  6.45  0.84
  6.05  0.82
  5.65  0.79
  5.23  0.76
  4.84  0.72
  4.43  0.70
  4.03  0.66
  3.61  0.63
  3.20  0.59
  2.80  0.55
  2.40  0.49
  1.98  0.43
  1.56  0.37
  1.15  0.31
  0.73  0.23
  0.33  0.18
 -0.08  0.13
 -0.50  0.08
 -0.91  0.04
 -1.33 -0.01
 -1.73 -0.05
 -2.13 -0.08
 -2.53 -0.09
 -2.94 -0.13
 -3.35 -0.17
 -3.76 -0.20
 -4.16 -0.24
 -4.56 -0.27
 -5.00 -0.30
 -5.38 -0.33
 -5.79 -0.36
 -6.19 -0.39
 -6.61 -0.42
 -7.01 -0.46
