S2048L60X.DAT;1
S2048
BECK
60K  59436.
 alpha   Cl
 -6.09 -0.38
 -5.70 -0.36
 -5.30 -0.33
 -4.88 -0.31
 -4.48 -0.28
 -4.06 -0.24
 -3.66 -0.21
 -3.24 -0.17
 -2.84 -0.14
 -2.45 -0.12
 -2.03 -0.08
 -1.63 -0.05
 -1.22  0.00
 -0.81  0.05
 -0.39  0.08
  0.01  0.14
  0.42  0.17
  0.83  0.20
  1.24  0.24
  1.64  0.29
  2.06  0.34
  2.47  0.40
  2.88  0.48
  3.30  0.56
  3.71  0.62
  4.12  0.66
  4.53  0.68
  4.92  0.72
  5.34  0.74
  5.74  0.77
  6.14  0.79
  6.55  0.82
  6.95  0.85
  7.36  0.86
  7.77  0.89
  8.17  0.91
  8.56  0.92
  8.97  0.93
  9.38  0.97
  9.78  0.96
 10.19  0.97
 10.59  1.00
 10.99  0.99
 11.40  1.03
 11.77  0.93
 12.18  0.94
 12.57  0.89
 12.96  0.86
 13.38  0.88
 13.76  0.86
 14.16  0.86
 14.55  0.79
 14.95  0.79
 15.35  0.80
 15.74  0.83
 16.14  0.81
 16.56  0.84
 16.96  0.83
 17.37  0.91
 17.07  0.90
 16.67  0.83
 16.26  0.88
 15.86  0.77
 15.46  0.82
 15.05  0.84
 14.66  0.87
 14.26  0.83
 13.86  0.85
 13.48  0.99
 13.07  0.89
 12.70  1.07
 12.29  1.03
 11.89  0.97
 11.47  0.92
 11.07  0.96
 10.70  1.00
 10.30  1.02
  9.90  1.03
  9.49  0.99
  9.08  0.96
  8.69  0.96
  8.28  0.93
  7.89  0.93
  7.47  0.91
  7.06  0.88
  6.67  0.87
  6.26  0.85
  5.85  0.80
  5.45  0.79
  5.04  0.74
  4.64  0.73
  4.24  0.70
  3.83  0.66
  3.41  0.60
  3.00  0.52
  2.57  0.42
  2.17  0.38
  1.76  0.31
  1.34  0.27
  0.94  0.23
  0.53  0.20
  0.13  0.14
 -0.28  0.10
 -0.70  0.06
 -1.11  0.02
 -1.51 -0.03
 -1.92 -0.06
 -2.33 -0.09
 -2.74 -0.12
 -3.15 -0.14
 -3.55 -0.18
 -3.96 -0.21
 -4.35 -0.24
 -4.78 -0.28
 -5.19 -0.31
 -5.61 -0.35
 -6.00 -0.37
