S2048L80X.DAT;1
S2048
BECK
80K  79428.
 alpha   Cl
 -6.09 -0.38
 -5.70 -0.34
 -5.26 -0.32
 -4.89 -0.29
 -4.46 -0.26
 -4.06 -0.23
 -3.66 -0.20
 -3.26 -0.16
 -2.84 -0.13
 -2.43 -0.10
 -2.03 -0.07
 -1.63 -0.04
 -1.23  0.01
 -0.81  0.05
 -0.39  0.10
  0.01  0.14
  0.42  0.19
  0.83  0.23
  1.25  0.30
  1.65  0.34
  2.08  0.42
  2.49  0.50
  2.90  0.56
  3.31  0.62
  3.71  0.65
  4.12  0.68
  4.53  0.71
  4.93  0.75
  5.35  0.78
  5.76  0.80
  6.16  0.84
  6.55  0.85
  6.96  0.88
  7.37  0.90
  7.77  0.93
  8.17  0.96
  8.57  0.97
  8.99  0.99
  9.40  1.01
  9.80  1.03
 10.19  1.03
 10.60  1.04
 11.01  1.02
 11.40  1.03
 11.82  1.06
 12.18  0.96
 12.59  0.96
 12.98  1.00
 13.37  0.91
 13.77  0.92
 14.17  0.88
 14.56  0.93
 14.97  0.92
 15.37  0.90
 15.77  0.90
 16.17  0.91
 16.57  0.89
 16.97  0.90
 17.37  0.90
 17.08  0.94
 16.67  0.92
 16.28  0.91
 15.88  0.85
 15.47  0.89
 15.06  0.89
 14.69  0.93
 14.29  0.93
 13.89  0.91
 13.48  0.93
 13.09  0.96
 12.69  0.98
 12.29  0.91
 11.92  1.14
 11.49  1.03
 11.12  1.05
 10.71  1.07
 10.30  1.06
  9.90  1.04
  9.50  1.03
  9.10  1.00
  8.69  1.00
  8.28  0.96
  7.89  0.96
  7.47  0.92
  7.08  0.91
  6.66  0.88
  6.26  0.86
  5.86  0.84
  5.45  0.81
  5.05  0.78
  4.63  0.73
  4.23  0.71
  3.83  0.68
  3.43  0.65
  3.00  0.59
  2.60  0.53
  2.16  0.45
  1.77  0.37
  1.35  0.32
  0.94  0.26
  0.53  0.21
  0.13  0.17
 -0.28  0.13
 -0.69  0.10
 -1.11  0.05
 -1.52  0.00
 -1.91 -0.02
 -2.33 -0.05
 -2.74 -0.08
 -3.15 -0.12
 -3.56 -0.16
 -3.95 -0.19
 -4.37 -0.22
 -4.78 -0.25
 -5.18 -0.28
 -5.57 -0.31
 -5.99 -0.34
