S2091L60X.DAT;1
S2091B
SAWYER/JONES et al
60K  60737.
 alpha   Cl
 -7.09 -0.36
 -6.68 -0.33
 -6.29 -0.34
 -5.87 -0.28
 -5.47 -0.26
 -5.07 -0.21
 -4.66 -0.17
 -4.25 -0.13
 -3.83 -0.09
 -3.43 -0.05
 -3.01  0.00
 -2.61  0.02
 -2.20  0.09
 -1.79  0.14
 -1.38  0.20
 -0.96  0.27
 -0.56  0.33
 -0.14  0.34
  0.27  0.45
  0.69  0.50
  1.10  0.54
  1.51  0.57
  1.92  0.61
  2.31  0.64
  2.72  0.68
  3.15  0.76
  3.53  0.73
  3.96  0.83
  4.35  0.81
  4.82  1.08
  5.17  0.90
  5.61  1.09
  5.99  0.93
  6.39  0.99
  6.81  1.06
  7.21  1.06
  7.61  1.07
  8.04  1.20
  8.41  1.09
  8.82  1.13
  9.24  1.24
  9.62  1.16
 10.04  1.23
 10.44  1.26
 10.85  1.24
 11.27  1.32
 11.64  1.28
 12.06  1.33
 12.46  1.30
 12.86  1.32
 13.16  0.83
 13.55  0.81
 13.96  0.83
 14.37  0.86
 14.77  0.89
 15.17  0.91
 15.59  0.93
 15.98  0.92
 16.37  0.91
 16.76  0.89
 17.17  0.89
 17.61  1.05
 17.95  0.87
 18.38  0.93
 18.79  0.94
 19.19  0.97
 19.23  0.94
 18.88  0.95
 18.50  0.96
 18.09  0.93
 17.68  0.92
 17.27  0.94
 16.88  0.98
 16.46  0.86
 16.07  0.90
 15.67  0.85
 15.27  0.91
 14.87  0.84
 14.47  0.89
 14.08  0.91
 13.67  0.90
 13.27  0.87
 12.87  0.86
 12.46  0.81
 12.05  0.83
 11.66  0.82
 11.26  0.81
 10.85  0.78
 10.47  0.85
 10.08  0.91
  9.66  0.86
  9.27  0.85
  8.90  0.98
  8.54  1.17
  8.13  1.16
  7.70  1.07
  7.29  1.03
  6.88  1.00
  6.48  0.98
  6.09  0.97
  5.68  0.92
  5.28  0.87
  4.87  0.87
  4.46  0.81
  4.05  0.79
  3.63  0.74
  3.24  0.70
  2.84  0.68
  2.42  0.63
  1.99  0.59
  1.61  0.57
  1.19  0.50
  0.77  0.44
  0.38  0.43
 -0.03  0.39
 -0.45  0.31
 -0.87  0.23
 -1.27  0.21
 -1.68  0.16
 -2.09  0.11
 -2.50  0.05
 -2.90  0.02
 -3.34 -0.06
 -3.74 -0.09
 -4.14 -0.15
 -4.54 -0.18
 -4.95 -0.22
 -5.36 -0.26
 -5.76 -0.27
 -6.17 -0.32
 -6.60 -0.34
 -6.97 -0.35
