S2091L100X.DAT;1
S2091B
SAWYER/JONES et al
100K  100312.
 alpha   Cl
 -7.08 -0.35
 -6.70 -0.36
 -6.29 -0.33
 -5.89 -0.29
 -5.46 -0.22
 -5.05 -0.17
 -4.65 -0.12
 -4.22 -0.05
 -3.82  0.01
 -3.40  0.07
 -2.98  0.13
 -2.57  0.18
 -2.17  0.23
 -1.75  0.28
 -1.34  0.33
 -0.92  0.38
 -0.53  0.41
 -0.13  0.45
  0.29  0.49
  0.69  0.52
  1.11  0.57
  1.51  0.60
  1.91  0.64
  2.33  0.68
  2.74  0.72
  3.14  0.76
  3.56  0.79
  3.95  0.83
  4.36  0.87
  4.76  0.90
  5.18  0.94
  5.60  0.98
  6.00  1.00
  6.41  1.04
  6.80  1.07
  7.22  1.10
  7.62  1.13
  8.03  1.16
  8.43  1.20
  8.83  1.23
  9.26  1.26
  9.65  1.28
 10.05  1.31
 10.46  1.33
 10.87  1.35
 11.27  1.37
 11.67  1.39
 12.08  1.38
 12.48  1.37
 12.87  1.39
 13.27  1.37
 13.66  1.35
 14.05  1.32
 14.46  1.32
 14.85  1.31
 15.18  0.98
 15.58  0.98
 15.98  0.95
 16.39  0.99
 16.77  0.95
 17.19  0.95
 17.58  0.93
 18.00  1.00
 18.39  0.99
 18.78  0.95
 19.17  0.96
 19.23  0.96
 18.89  1.00
 18.48  0.97
 18.08  0.98
 17.72  1.08
 17.27  0.94
 16.90  0.96
 16.48  0.96
 16.09  0.97
 15.69  0.94
 15.29  0.96
 14.89  0.98
 14.49  0.95
 14.07  0.89
 13.69  0.97
 13.28  0.92
 12.88  0.95
 12.48  0.91
 12.09  0.96
 11.69  0.96
 11.31  1.04
 10.90  0.99
 10.57  1.35
 10.16  1.31
  9.75  1.30
  9.34  1.27
  8.93  1.23
  8.53  1.21
  8.12  1.17
  7.71  1.14
  7.32  1.12
  6.91  1.08
  6.50  1.05
  6.10  1.02
  5.69  0.98
  5.29  0.96
  4.88  0.93
  4.47  0.89
  4.06  0.84
  3.66  0.81
  3.25  0.77
  2.84  0.73
  2.43  0.69
  2.02  0.65
  1.61  0.61
  1.20  0.58
  0.79  0.54
  0.40  0.50
 -0.01  0.47
 -0.43  0.43
 -0.82  0.39
 -1.25  0.34
 -1.65  0.30
 -2.05  0.25
 -2.48  0.20
 -2.89  0.15
 -3.29  0.09
 -3.71  0.03
 -4.12 -0.02
 -4.54 -0.08
 -4.95 -0.14
 -5.36 -0.19
 -5.78 -0.25
 -6.16 -0.31
 -6.58 -0.31
 -6.98 -0.34
