S2091L80X.DAT;1
S2091B
SAWYER/JONES et al
80K  80541.
 alpha   Cl
 -7.07 -0.33
 -6.70 -0.35
 -6.27 -0.33
 -5.88 -0.29
 -5.47 -0.24
 -5.05 -0.19
 -4.66 -0.15
 -4.23 -0.10
 -3.83 -0.05
 -3.42  0.01
 -3.00  0.07
 -2.58  0.12
 -2.18  0.18
 -1.77  0.24
 -1.35  0.29
 -0.94  0.34
 -0.54  0.39
 -0.14  0.44
  0.28  0.47
  0.69  0.52
  1.11  0.56
  1.51  0.59
  1.91  0.64
  2.32  0.66
  2.74  0.71
  3.15  0.74
  3.55  0.78
  3.95  0.81
  4.36  0.85
  4.76  0.88
  5.19  0.93
  5.59  0.95
  6.00  0.98
  6.39  1.02
  6.81  1.05
  7.21  1.09
  7.61  1.12
  8.01  1.14
  8.44  1.18
  8.83  1.21
  9.24  1.23
  9.65  1.26
 10.06  1.29
 10.46  1.30
 10.86  1.32
 11.27  1.35
 11.67  1.35
 12.06  1.35
 12.46  1.35
 12.86  1.37
 13.26  1.35
 13.67  1.35
 14.07  1.34
 14.37  0.92
 14.77  0.90
 15.17  0.93
 15.56  0.91
 15.98  0.96
 16.39  0.97
 16.77  0.94
 17.19  0.93
 17.58  0.97
 17.99  0.94
 18.39  0.96
 18.79  0.98
 19.21  1.02
 19.23  0.98
 18.88  0.93
 18.47  0.93
 18.10  1.01
 17.68  0.99
 17.28  0.95
 16.87  0.93
 16.48  0.90
 16.09  1.00
 15.70  0.98
 15.30  0.97
 14.85  0.92
 14.48  0.95
 14.08  0.93
 13.67  0.90
 13.28  0.90
 12.87  0.89
 12.48  0.93
 12.07  0.88
 11.67  0.87
 11.27  0.90
 10.89  0.93
 10.48  0.92
 10.08  0.99
  9.69  1.04
  9.35  1.23
  8.95  1.20
  8.53  1.17
  8.11  1.15
  7.71  1.11
  7.31  1.08
  6.90  1.05
  6.51  1.03
  6.09  0.99
  5.68  0.97
  5.29  0.93
  4.88  0.89
  4.47  0.85
  4.05  0.82
  3.65  0.78
  3.24  0.75
  2.83  0.71
  2.42  0.67
  2.02  0.63
  1.62  0.60
  1.22  0.58
  0.80  0.52
  0.39  0.49
 -0.03  0.45
 -0.43  0.41
 -0.83  0.36
 -1.26  0.29
 -1.66  0.24
 -2.07  0.18
 -2.48  0.14
 -2.88  0.08
 -3.31  0.01
 -3.72 -0.03
 -4.14 -0.08
 -4.54 -0.14
 -4.96 -0.19
 -5.36 -0.23
 -5.77 -0.28
 -6.17 -0.32
 -6.56 -0.34
 -6.98 -0.34
