S3010L80WX.DAT;1
S3010
SAWYER
80K  81074.
 alpha   Cl
 -6.09 -0.31
 -5.67 -0.29
 -5.28 -0.26
 -4.87 -0.24
 -4.47 -0.20
 -4.06 -0.17
 -3.65 -0.12
 -3.23 -0.07
 -2.82 -0.02
 -2.41  0.04
 -1.99  0.11
 -1.59  0.15
 -1.18  0.21
 -0.78  0.25
 -0.35  0.30
  0.05  0.33
  0.46  0.37
  0.86  0.40
  1.28  0.44
  1.69  0.48
  2.09  0.52
  2.50  0.56
  2.90  0.59
  3.32  0.64
  3.73  0.67
  4.13  0.70
  4.53  0.73
  4.94  0.78
  5.36  0.82
  5.77  0.86
  6.16  0.89
  6.57  0.92
  6.98  0.95
  7.39  0.99
  7.79  1.01
  8.20  1.03
  8.62  1.08
  9.02  1.09
  9.41  1.12
  9.82  1.13
 10.21  1.14
 10.62  1.14
 11.02  1.15
 11.43  1.15
 11.83  1.13
 12.16  0.85
 12.58  0.98
 12.96  0.83
 13.36  0.83
 13.76  0.81
 14.16  0.84
 14.54  0.76
 14.95  0.80
 15.35  0.83
 15.77  0.83
 16.15  0.78
 16.54  0.82
 16.97  0.85
 17.35  0.81
 17.04  0.83
 16.65  0.80
 16.26  0.81
 15.85  0.82
 15.47  0.82
 15.04  0.80
 14.66  0.82
 14.27  0.85
 13.88  0.90
 13.46  0.86
 13.07  0.85
 12.68  0.92
 12.25  0.82
 11.87  0.87
 11.48  0.86
 11.13  1.16
 10.73  1.16
 10.31  1.13
  9.93  1.13
  9.52  1.11
  9.12  1.10
  8.71  1.07
  8.31  1.04
  7.91  1.01
  7.49  0.98
  7.09  0.95
  6.67  0.92
  6.27  0.90
  5.86  0.86
  5.46  0.83
  5.05  0.79
  4.64  0.75
  4.23  0.72
  3.84  0.68
  3.42  0.63
  3.02  0.60
  2.61  0.57
  2.19  0.52
  1.78  0.48
  1.36  0.44
  0.97  0.41
  0.56  0.37
  0.16  0.33
 -0.25  0.29
 -0.65  0.25
 -1.08  0.20
 -1.48  0.14
 -1.88  0.09
 -2.31  0.02
 -2.71 -0.03
 -3.13 -0.09
 -3.54 -0.14
 -3.94 -0.18
 -4.36 -0.22
 -4.77 -0.26
 -5.19 -0.29
 -5.58 -0.31
 -5.99 -0.34
