S3010L60WX.DAT;1
S3010
SAWYER
60K  60287.
 alpha   Cl
 -6.08 -0.33
 -5.69 -0.29
 -5.28 -0.26
 -4.88 -0.23
 -4.47 -0.20
 -4.03 -0.17
 -3.64 -0.13
 -3.23 -0.10
 -2.84 -0.07
 -2.42 -0.03
 -2.02  0.03
 -1.60  0.07
 -1.19  0.16
 -0.79  0.22
 -0.36  0.29
  0.06  0.33
  0.46  0.38
  0.86  0.41
  1.27  0.45
  1.68  0.49
  2.09  0.52
  2.50  0.55
  2.90  0.58
  3.31  0.64
  3.72  0.67
  4.14  0.69
  4.53  0.72
  4.94  0.77
  5.35  0.79
  5.76  0.84
  6.17  0.86
  6.56  0.89
  6.98  0.91
  7.39  0.96
  7.79  0.98
  8.18  0.98
  8.59  1.02
  9.00  1.04
  9.40  1.06
  9.81  1.10
 10.21  1.09
 10.60  1.08
 11.02  1.13
 11.42  1.11
 11.80  1.11
 12.15  0.81
 12.55  0.76
 12.94  0.75
 13.35  0.80
 13.73  0.76
 14.13  0.73
 14.54  0.75
 14.97  0.79
 15.34  0.77
 15.75  0.83
 16.14  0.82
 16.54  0.75
 16.96  0.83
 17.37  0.88
 17.07  0.86
 16.66  0.80
 16.26  0.84
 15.85  0.81
 15.47  0.84
 15.06  0.82
 14.64  0.73
 14.26  0.83
 13.85  0.77
 13.46  0.80
 13.06  0.83
 12.65  0.79
 12.24  0.79
 11.84  0.79
 11.47  0.86
 11.05  0.85
 10.65  0.83
 10.26  0.86
  9.86  0.80
  9.44  0.74
  9.05  0.88
  8.65  0.82
  8.29  1.03
  7.89  1.01
  7.50  0.98
  7.08  0.93
  6.69  0.92
  6.27  0.89
  5.86  0.85
  5.45  0.81
  5.03  0.77
  4.65  0.75
  4.23  0.72
  3.82  0.68
  3.42  0.64
  3.01  0.62
  2.61  0.59
  2.21  0.55
  1.80  0.53
  1.39  0.50
  0.99  0.47
  0.57  0.43
  0.16  0.39
 -0.24  0.34
 -0.65  0.29
 -1.06  0.22
 -1.47  0.16
 -1.91  0.06
 -2.31  0.00
 -2.72 -0.05
 -3.13 -0.09
 -3.55 -0.14
 -3.94 -0.16
 -4.35 -0.20
 -4.77 -0.23
 -5.17 -0.26
 -5.56 -0.27
 -5.98 -0.30
