S3014L8X.DAT;1
S3014
ALLEN
80K  81101.
 alpha   Cl
 -6.08 -0.31
 -5.69 -0.29
 -5.25 -0.27
 -4.87 -0.24
 -4.45 -0.20
 -4.05 -0.18
 -3.64 -0.13
 -3.23 -0.09
 -2.82 -0.05
 -2.42 -0.01
 -2.00  0.04
 -1.60  0.09
 -1.18  0.15
 -0.77  0.22
 -0.37  0.27
  0.05  0.33
  0.45  0.37
  0.87  0.42
  1.29  0.47
  1.69  0.49
  2.10  0.54
  2.51  0.57
  2.90  0.60
  3.31  0.64
  3.72  0.67
  4.14  0.71
  4.54  0.75
  4.95  0.78
  5.35  0.81
  5.75  0.84
  6.16  0.87
  6.57  0.91
  6.98  0.93
  7.39  0.97
  7.79  1.00
  8.20  1.02
  8.61  1.06
  9.01  1.08
  9.42  1.11
  9.82  1.13
 10.22  1.14
 10.63  1.14
 11.02  1.15
 11.42  1.16
 11.82  1.14
 12.23  1.14
 12.62  1.13
 13.02  1.13
 13.42  1.18
 13.78  0.93
 14.18  0.92
 14.57  0.91
 14.97  0.88
 15.38  0.93
 15.76  0.88
 16.15  0.86
 16.55  0.88
 16.96  0.88
 17.35  0.86
 17.07  0.87
 16.67  0.88
 16.27  0.88
 15.88  0.91
 15.49  0.89
 15.06  0.90
 14.69  0.93
 14.26  0.88
 13.87  0.94
 13.49  0.96
 13.08  0.91
 12.71  1.10
 12.29  0.97
 11.93  1.15
 11.53  1.17
 11.11  1.15
 10.73  1.17
 10.33  1.15
  9.92  1.13
  9.51  1.12
  9.11  1.10
  8.70  1.06
  8.29  1.04
  7.90  1.02
  7.50  0.98
  7.08  0.96
  6.68  0.92
  6.28  0.90
  5.87  0.87
  5.47  0.84
  5.06  0.80
  4.65  0.77
  4.25  0.74
  3.83  0.71
  3.42  0.67
  3.02  0.63
  2.61  0.60
  2.20  0.56
  1.79  0.53
  1.38  0.48
  0.98  0.44
  0.58  0.41
  0.16  0.36
 -0.26  0.29
 -0.67  0.24
 -1.08  0.18
 -1.49  0.12
 -1.92  0.06
 -2.31  0.00
 -2.72 -0.04
 -3.12 -0.07
 -3.53 -0.12
 -3.95 -0.16
 -4.36 -0.19
 -4.77 -0.22
 -5.16 -0.25
 -5.57 -0.28
 -5.99 -0.30
