S3014L1X.DAT;1
S3014
ALLEN
100K  101176.
 alpha   Cl
 -6.09 -0.32
 -5.68 -0.30
 -5.28 -0.27
 -4.85 -0.24
 -4.47 -0.20
 -4.05 -0.16
 -3.64 -0.11
 -3.24 -0.06
 -2.81 -0.02
 -2.39  0.04
 -2.00  0.09
 -1.59  0.16
 -1.17  0.21
 -0.76  0.27
 -0.36  0.31
  0.06  0.35
  0.46  0.38
  0.87  0.42
  1.29  0.45
  1.68  0.49
  2.10  0.52
  2.50  0.56
  2.91  0.60
  3.32  0.63
  3.72  0.67
  4.13  0.71
  4.54  0.74
  4.95  0.78
  5.35  0.81
  5.76  0.86
  6.17  0.89
  6.56  0.91
  6.99  0.94
  7.38  0.98
  7.79  1.00
  8.20  1.03
  8.62  1.07
  9.00  1.08
  9.41  1.11
  9.83  1.13
 10.22  1.14
 10.62  1.14
 11.03  1.14
 11.42  1.14
 11.82  1.13
 12.21  1.12
 12.63  1.13
 13.02  1.11
 13.42  1.10
 13.76  0.85
 14.16  0.85
 14.57  0.90
 14.95  0.83
 15.36  0.87
 15.77  0.89
 16.16  0.88
 16.55  0.82
 16.95  0.85
 17.36  0.85
 17.08  0.88
 16.66  0.85
 16.27  0.88
 15.87  0.86
 15.47  0.84
 15.05  0.84
 14.67  0.87
 14.28  0.90
 13.88  0.94
 13.47  0.85
 13.07  0.90
 12.66  0.85
 12.27  0.88
 11.93  1.13
 11.52  1.15
 11.12  1.15
 10.72  1.14
 10.33  1.14
  9.93  1.13
  9.52  1.12
  9.11  1.09
  8.71  1.07
  8.30  1.04
  7.89  1.01
  7.50  0.98
  7.09  0.95
  6.68  0.92
  6.28  0.89
  5.87  0.86
  5.46  0.83
  5.04  0.79
  4.64  0.75
  4.25  0.71
  3.83  0.68
  3.41  0.64
  3.00  0.61
  2.61  0.57
  2.19  0.53
  1.79  0.49
  1.38  0.46
  0.98  0.43
  0.57  0.39
  0.16  0.36
 -0.25  0.32
 -0.66  0.28
 -1.06  0.23
 -1.49  0.17
 -1.90  0.12
 -2.30  0.06
 -2.71 -0.01
 -3.11 -0.05
 -3.53 -0.10
 -3.94 -0.15
 -4.36 -0.18
 -4.78 -0.22
 -5.17 -0.26
 -5.58 -0.28
 -5.99 -0.31
