S3010L100WX.DAT;1
S3010
SAWYER
100K  100031.
 alpha   Cl
 -6.10 -0.34
 -5.69 -0.32
 -5.26 -0.29
 -4.88 -0.26
 -4.46 -0.22
 -4.06 -0.18
 -3.64 -0.12
 -3.22 -0.06
 -2.81  0.00
 -2.41  0.05
 -2.00  0.10
 -1.58  0.15
 -1.18  0.20
 -0.78  0.24
 -0.36  0.28
  0.04  0.31
  0.46  0.35
  0.87  0.38
  1.28  0.42
  1.68  0.46
  2.10  0.50
  2.50  0.54
  2.90  0.58
  3.32  0.62
  3.72  0.66
  4.12  0.70
  4.54  0.74
  4.94  0.78
  5.35  0.82
  5.76  0.85
  6.16  0.89
  6.57  0.93
  6.99  0.96
  7.38  0.99
  7.79  1.02
  8.20  1.05
  8.60  1.09
  9.02  1.13
  9.42  1.15
  9.83  1.16
 10.22  1.18
 10.63  1.18
 11.03  1.19
 11.44  1.18
 11.83  1.17
 12.22  1.17
 12.62  1.16
 12.98  0.89
 13.36  0.89
 13.77  0.91
 14.17  0.87
 14.59  0.91
 14.96  0.84
 15.36  0.91
 15.76  0.84
 16.16  0.83
 16.55  0.83
 16.97  0.88
 17.34  0.83
 17.06  0.88
 16.66  0.84
 16.27  0.86
 15.86  0.82
 15.46  0.84
 15.06  0.88
 14.69  0.91
 14.27  0.90
 13.88  0.90
 13.49  0.89
 13.08  0.92
 12.71  1.10
 12.30  0.99
 11.93  1.18
 11.54  1.18
 11.13  1.19
 10.73  1.19
 10.33  1.17
  9.94  1.17
  9.52  1.15
  9.12  1.13
  8.72  1.10
  8.31  1.07
  7.91  1.04
  7.49  1.01
  7.10  0.97
  6.68  0.94
  6.27  0.90
  5.88  0.86
  5.46  0.82
  5.05  0.79
  4.66  0.75
  4.24  0.72
  3.82  0.68
  3.42  0.64
  3.01  0.59
  2.60  0.55
  2.19  0.51
  1.77  0.47
  1.37  0.43
  0.96  0.40
  0.55  0.36
  0.15  0.32
 -0.26  0.28
 -0.67  0.25
 -1.07  0.21
 -1.48  0.17
 -1.88  0.12
 -2.31  0.07
 -2.71  0.02
 -3.11 -0.03
 -3.52 -0.10
 -3.95 -0.15
 -4.35 -0.20
 -4.75 -0.24
 -5.17 -0.28
 -5.59 -0.31
 -5.99 -0.33
