S3014L6X.DAT;1
S3014
ALLEN
60K  60984.
 alpha   Cl
 -6.10 -0.34
 -5.68 -0.31
 -5.29 -0.29
 -4.88 -0.27
 -4.45 -0.23
 -4.07 -0.20
 -3.65 -0.18
 -3.26 -0.14
 -2.85 -0.10
 -2.42 -0.06
 -2.02 -0.02
 -1.62  0.03
 -1.21  0.07
 -0.79  0.15
 -0.37  0.24
  0.03  0.30
  0.44  0.34
  0.87  0.39
  1.28  0.44
  1.69  0.49
  2.09  0.52
  2.50  0.55
  2.92  0.60
  3.32  0.64
  3.73  0.67
  4.13  0.71
  4.54  0.72
  4.95  0.77
  5.34  0.78
  5.76  0.82
  6.17  0.86
  6.58  0.90
  6.97  0.92
  7.38  0.95
  7.78  0.97
  8.19  1.00
  8.60  1.01
  9.00  1.04
  9.41  1.06
  9.81  1.08
 10.21  1.08
 10.61  1.08
 11.01  1.10
 11.36  0.82
 11.77  0.87
 12.15  0.77
 12.54  0.79
 12.95  0.79
 13.34  0.76
 13.76  0.77
 14.14  0.77
 14.57  0.84
 14.94  0.83
 15.34  0.75
 15.75  0.79
 16.16  0.81
 16.54  0.81
 16.95  0.80
 17.34  0.77
 17.06  0.79
 16.67  0.85
 16.26  0.79
 15.84  0.79
 15.43  0.76
 15.05  0.75
 14.64  0.75
 14.25  0.80
 13.84  0.73
 13.46  0.79
 13.05  0.79
 12.66  0.81
 12.26  0.82
 11.86  0.82
 11.46  0.79
 11.06  0.86
 10.65  0.84
 10.27  0.88
  9.87  0.87
  9.49  1.00
  9.10  1.07
  8.71  1.05
  8.30  1.02
  7.90  1.00
  7.49  0.98
  7.07  0.94
  6.69  0.91
  6.27  0.87
  5.86  0.84
  5.45  0.81
  5.05  0.78
  4.64  0.74
  4.24  0.70
  3.83  0.69
  3.42  0.65
  3.01  0.61
  2.59  0.57
  2.20  0.54
  1.79  0.50
  1.39  0.47
  0.98  0.41
  0.57  0.36
  0.13  0.30
 -0.28  0.24
 -0.69  0.16
 -1.09  0.11
 -1.51  0.05
 -1.93 -0.01
 -2.31 -0.05
 -2.73 -0.08
 -3.13 -0.12
 -3.56 -0.16
 -3.96 -0.18
 -4.35 -0.23
 -4.76 -0.24
 -5.17 -0.27
 -5.59 -0.30
 -5.98 -0.32
