S3021L60X.DAT;1
S3021A
CHAMPINE
60K  59791.
 alpha   Cl
 -6.09 -0.39
 -5.70 -0.35
 -5.28 -0.30
 -4.88 -0.29
 -4.48 -0.26
 -4.06 -0.23
 -3.67 -0.21
 -3.25 -0.18
 -2.84 -0.16
 -2.44 -0.12
 -2.03 -0.08
 -1.64 -0.06
 -1.22  0.00
 -0.81  0.03
 -0.39  0.10
  0.02  0.17
  0.44  0.22
  0.86  0.30
  1.26  0.33
  1.68  0.38
  2.08  0.43
  2.47  0.48
  2.89  0.52
  3.30  0.56
  3.70  0.59
  4.11  0.62
  4.53  0.65
  4.92  0.70
  5.34  0.73
  5.74  0.74
  6.14  0.79
  6.55  0.83
  6.96  0.86
  7.38  0.90
  7.77  0.93
  8.18  0.97
  8.59  0.99
  8.98  1.00
  9.41  1.05
  9.81  1.06
 10.21  1.08
 10.63  1.10
 11.02  1.12
 11.41  1.10
 11.82  1.13
 12.21  1.10
 12.62  1.09
 13.02  1.08
 13.36  0.94
 13.77  0.88
 14.14  0.78
 14.55  0.84
 14.95  0.87
 15.37  0.82
 15.76  0.82
 16.16  0.85
 16.57  0.86
 16.96  0.88
 17.35  0.85
 17.07  0.88
 16.66  0.86
 16.27  0.89
 15.88  0.86
 15.47  0.84
 15.06  0.90
 14.68  0.88
 14.28  0.92
 13.86  0.83
 13.46  0.90
 13.06  0.87
 12.68  0.90
 12.27  0.89
 11.90  1.02
 11.53  1.13
 11.13  1.10
 10.71  1.10
 10.32  1.11
  9.90  1.07
  9.51  1.06
  9.10  1.04
  8.70  1.01
  8.30  0.98
  7.88  0.94
  7.48  0.90
  7.07  0.87
  6.67  0.85
  6.26  0.83
  5.85  0.78
  5.44  0.75
  5.04  0.70
  4.63  0.67
  4.22  0.64
  3.82  0.61
  3.40  0.57
  3.00  0.54
  2.59  0.52
  2.17  0.47
  1.78  0.41
  1.37  0.37
  0.96  0.32
  0.54  0.26
  0.13  0.20
 -0.28  0.14
 -0.69  0.08
 -1.10  0.03
 -1.51 -0.01
 -1.91 -0.04
 -2.33 -0.09
 -2.75 -0.12
 -3.14 -0.15
 -3.56 -0.18
 -3.96 -0.21
 -4.37 -0.24
 -4.78 -0.27
 -5.18 -0.29
 -5.59 -0.32
 -5.98 -0.36
