S3021L100X.DAT;1
S3021A
CHAMPINE
100K  101568.
 alpha   Cl
 -6.11 -0.39
 -5.69 -0.35
 -5.29 -0.31
 -4.87 -0.28
 -4.48 -0.26
 -4.07 -0.23
 -3.67 -0.20
 -3.24 -0.16
 -2.84 -0.12
 -2.44 -0.07
 -2.02 -0.01
 -1.61  0.05
 -1.19  0.10
 -0.79  0.17
 -0.37  0.22
  0.04  0.27
  0.45  0.32
  0.86  0.36
  1.28  0.40
  1.67  0.43
  2.09  0.47
  2.48  0.51
  2.88  0.54
  3.30  0.58
  3.71  0.62
  4.12  0.65
  4.53  0.69
  4.93  0.73
  5.36  0.77
  5.74  0.80
  6.16  0.84
  6.57  0.87
  6.98  0.91
  7.37  0.95
  7.78  0.97
  8.19  1.01
  8.60  1.04
  9.00  1.08
  9.41  1.10
  9.81  1.13
 10.21  1.15
 10.62  1.15
 11.02  1.15
 11.42  1.16
 11.81  1.13
 12.22  1.12
 12.61  1.13
 13.01  1.12
 13.41  1.11
 13.82  1.11
 14.20  1.08
 14.61  1.06
 15.01  1.09
 15.39  0.95
 15.78  0.94
 16.19  1.01
 16.60  1.02
 16.98  0.94
 17.38  0.90
 17.09  0.92
 16.68  0.96
 16.29  0.97
 15.87  0.95
 15.48  0.98
 15.09  0.98
 14.72  1.04
 14.29  1.02
 13.92  1.11
 13.52  1.10
 13.12  1.11
 12.72  1.11
 12.32  1.12
 11.92  1.13
 11.52  1.14
 11.12  1.14
 10.73  1.15
 10.33  1.13
  9.93  1.13
  9.52  1.11
  9.11  1.08
  8.70  1.05
  8.30  1.02
  7.89  0.98
  7.48  0.95
  7.08  0.92
  6.68  0.88
  6.26  0.84
  5.86  0.81
  5.45  0.77
  5.05  0.73
  4.62  0.70
  4.22  0.66
  3.82  0.63
  3.40  0.59
  3.00  0.55
  2.59  0.52
  2.19  0.48
  1.79  0.45
  1.38  0.41
  0.96  0.37
  0.56  0.33
  0.14  0.28
 -0.27  0.24
 -0.67  0.19
 -1.08  0.13
 -1.50  0.06
 -1.92  0.01
 -2.33 -0.05
 -2.74 -0.10
 -3.16 -0.15
 -3.56 -0.19
 -3.96 -0.22
 -4.38 -0.25
 -4.78 -0.28
 -5.17 -0.30
 -5.60 -0.34
 -6.01 -0.38
