S3021L80X.DAT;1
S3021A
CHAMPINE
80K  79818.
 alpha   Cl
 -6.09 -0.39
 -5.68 -0.34
 -5.28 -0.32
 -4.87 -0.29
 -4.47 -0.26
 -4.07 -0.23
 -3.65 -0.20
 -3.26 -0.17
 -2.84 -0.14
 -2.43 -0.09
 -2.03 -0.06
 -1.63 -0.01
 -1.21  0.04
 -0.79  0.11
 -0.38  0.18
  0.01  0.24
  0.44  0.29
  0.85  0.34
  1.26  0.38
  1.67  0.42
  2.09  0.46
  2.49  0.49
  2.89  0.53
  3.31  0.56
  3.71  0.60
  4.12  0.64
  4.53  0.67
  4.92  0.70
  5.35  0.74
  5.77  0.78
  6.15  0.82
  6.56  0.84
  6.97  0.87
  7.38  0.91
  7.78  0.95
  8.20  0.98
  8.59  1.00
  8.99  1.04
  9.40  1.06
  9.82  1.09
 10.21  1.12
 10.63  1.14
 11.02  1.13
 11.41  1.12
 11.81  1.12
 12.22  1.12
 12.61  1.11
 13.03  1.11
 13.40  1.08
 13.81  1.07
 14.20  1.07
 14.60  1.00
 14.97  0.95
 15.39  1.02
 15.77  0.93
 16.20  1.02
 16.57  0.97
 16.98  0.91
 17.40  0.95
 17.07  0.89
 16.67  0.89
 16.27  0.92
 15.87  0.93
 15.49  0.98
 15.12  1.07
 14.69  0.94
 14.30  1.07
 13.92  1.09
 13.51  1.10
 13.13  1.11
 12.73  1.11
 12.32  1.12
 11.93  1.12
 11.53  1.12
 11.12  1.12
 10.72  1.13
 10.31  1.12
  9.93  1.11
  9.50  1.07
  9.11  1.05
  8.70  1.02
  8.30  0.99
  7.88  0.96
  7.49  0.93
  7.08  0.89
  6.66  0.86
  6.25  0.82
  5.85  0.79
  5.45  0.75
  5.05  0.72
  4.64  0.68
  4.22  0.65
  3.81  0.62
  3.42  0.58
  2.99  0.55
  2.59  0.51
  2.18  0.48
  1.78  0.44
  1.37  0.40
  0.96  0.35
  0.56  0.32
  0.15  0.26
 -0.25  0.20
 -0.68  0.14
 -1.09  0.08
 -1.50  0.01
 -1.92 -0.04
 -2.34 -0.08
 -2.74 -0.11
 -3.15 -0.16
 -3.56 -0.19
 -3.96 -0.22
 -4.37 -0.25
 -4.77 -0.27
 -5.18 -0.30
 -5.58 -0.34
 -5.98 -0.37
