S4061L100X.DAT;1
S4061B
MICHAELIS
100K  99369.
 alpha   Cl
 -7.11 -0.41
 -6.71 -0.40
 -6.29 -0.37
 -5.89 -0.36
 -5.51 -0.34
 -5.07 -0.27
 -4.67 -0.22
 -4.25 -0.15
 -3.84 -0.09
 -3.44 -0.05
 -3.02  0.01
 -2.61  0.06
 -2.20  0.09
 -1.79  0.15
 -1.38  0.18
 -0.96  0.24
 -0.56  0.27
 -0.16  0.31
  0.24  0.35
  0.66  0.40
  1.06  0.44
  1.50  0.49
  1.89  0.52
  2.31  0.57
  2.69  0.60
  3.12  0.64
  3.51  0.68
  3.94  0.72
  4.35  0.75
  4.74  0.79
  5.16  0.83
  5.57  0.87
  5.97  0.90
  6.37  0.94
  6.79  0.97
  7.19  1.01
  7.60  1.04
  8.01  1.07
  8.42  1.11
  8.81  1.14
  9.23  1.17
  9.63  1.20
 10.03  1.23
 10.44  1.24
 10.84  1.24
 11.23  1.24
 11.63  1.25
 12.04  1.26
 12.44  1.26
 12.84  1.25
 13.25  1.26
 13.65  1.24
 14.04  1.25
 14.43  1.22
 14.85  1.21
 15.24  1.21
 15.60  0.97
 15.99  1.01
 16.38  0.92
 16.79  0.95
 17.18  1.01
 17.58  0.95
 17.98  0.99
 18.38  0.96
 18.77  0.96
 19.18  0.96
 19.24  0.97
 18.89  0.98
 18.50  1.00
 18.09  0.99
 17.69  0.97
 17.29  0.94
 16.90  0.99
 16.46  0.96
 16.09  0.98
 15.70  0.98
 15.28  0.99
 14.89  1.04
 14.54  1.22
 14.15  1.23
 13.73  1.25
 13.34  1.25
 12.94  1.26
 12.55  1.26
 12.16  1.25
 11.74  1.26
 11.35  1.24
 10.95  1.23
 10.54  1.23
 10.14  1.23
  9.73  1.21
  9.34  1.18
  8.92  1.14
  8.51  1.12
  8.10  1.08
  7.70  1.05
  7.31  1.02
  6.89  0.98
  6.48  0.94
  6.08  0.90
  5.66  0.87
  5.26  0.83
  4.85  0.79
  4.45  0.76
  4.03  0.72
  3.63  0.69
  3.22  0.65
  2.81  0.61
  2.39  0.57
  2.00  0.53
  1.59  0.49
  1.18  0.45
  0.76  0.41
  0.35  0.37
 -0.04  0.32
 -0.45  0.29
 -0.87  0.25
 -1.28  0.20
 -1.68  0.16
 -2.08  0.10
 -2.51  0.07
 -2.89  0.01
 -3.32 -0.03
 -3.73 -0.08
 -4.14 -0.13
 -4.56 -0.18
 -4.98 -0.25
 -5.39 -0.33
 -5.80 -0.38
 -6.21 -0.38
 -6.58 -0.34
 -7.00 -0.35
