S4061L60X.DAT;1
S4061B
MICHAELIS
60K  63445.
 alpha   Cl
 -7.08 -0.33
 -6.69 -0.35
 -6.30 -0.36
 -5.88 -0.35
 -5.49 -0.36
 -5.09 -0.34
 -4.69 -0.32
 -4.28 -0.28
 -3.85 -0.21
 -3.43 -0.17
 -3.04 -0.12
 -2.63 -0.06
 -2.22 -0.03
 -1.82  0.02
 -1.39  0.07
 -0.99  0.10
 -0.59  0.17
 -0.19  0.18
  0.22  0.23
  0.63  0.29
  1.05  0.35
  1.47  0.38
  1.87  0.45
  2.29  0.49
  2.69  0.54
  3.10  0.58
  3.52  0.62
  3.91  0.67
  4.32  0.70
  4.74  0.75
  5.16  0.78
  5.54  0.82
  5.96  0.84
  6.37  0.88
  6.77  0.92
  7.18  0.96
  7.59  0.98
  7.98  1.02
  8.40  1.07
  8.81  1.07
  9.21  1.10
  9.63  1.15
 10.01  1.15
 10.42  1.18
 10.83  1.19
 11.23  1.22
 11.64  1.21
 12.04  1.22
 12.44  1.22
 12.84  1.24
 13.24  1.23
 13.63  1.23
 14.04  1.23
 14.42  1.07
 14.79  1.00
 15.19  1.04
 15.57  0.90
 15.98  0.94
 16.38  0.93
 16.77  0.95
 17.16  0.97
 17.57  0.93
 17.99  0.94
 18.39  1.00
 18.77  0.97
 19.16  0.94
 19.24  0.96
 18.91  0.97
 18.47  0.97
 18.08  0.98
 17.68  0.93
 17.28  0.97
 16.87  0.93
 16.45  0.88
 16.10  0.94
 15.68  0.95
 15.31  1.03
 14.90  1.08
 14.50  1.04
 14.13  1.12
 13.70  1.06
 13.32  1.09
 12.96  1.27
 12.53  1.23
 12.15  1.21
 11.73  1.21
 11.33  1.20
 10.93  1.19
 10.54  1.20
 10.12  1.17
  9.72  1.14
  9.31  1.12
  8.93  1.10
  8.49  1.07
  8.10  1.02
  7.70  1.03
  7.30  0.98
  6.90  0.94
  6.48  0.90
  6.07  0.87
  5.65  0.83
  5.25  0.79
  4.86  0.75
  4.44  0.70
  4.03  0.68
  3.61  0.63
  3.21  0.57
  2.80  0.54
  2.40  0.50
  1.99  0.46
  1.57  0.41
  1.15  0.35
  0.76  0.31
  0.33  0.25
 -0.08  0.20
 -0.48  0.18
 -0.89  0.14
 -1.31  0.08
 -1.72  0.03
 -2.13 -0.01
 -2.52 -0.06
 -2.94 -0.10
 -3.33 -0.16
 -3.78 -0.21
 -4.18 -0.28
 -4.58 -0.30
 -4.98 -0.34
 -5.38 -0.35
 -5.78 -0.35
 -6.19 -0.34
 -6.58 -0.39
 -6.98 -0.34
