S4061L80X.DAT;1
S4061B
MICHAELIS
80K  82091.
 alpha   Cl
 -7.09 -0.34
 -6.67 -0.42
 -6.27 -0.38
 -5.89 -0.37
 -5.49 -0.34
 -5.09 -0.33
 -4.67 -0.26
 -4.26 -0.21
 -3.83 -0.14
 -3.44 -0.10
 -3.04 -0.05
 -2.62 -0.02
 -2.22  0.04
 -1.81  0.08
 -1.39  0.13
 -0.98  0.17
 -0.57  0.23
 -0.16  0.26
  0.24  0.31
  0.65  0.36
  1.07  0.41
  1.46  0.45
  1.88  0.49
  2.29  0.52
  2.70  0.57
  3.11  0.62
  3.51  0.65
  3.93  0.69
  4.34  0.73
  4.75  0.76
  5.16  0.80
  5.55  0.84
  5.97  0.88
  6.36  0.91
  6.77  0.95
  7.19  0.98
  7.60  1.02
  7.99  1.05
  8.41  1.08
  8.82  1.11
  9.21  1.14
  9.62  1.17
 10.02  1.19
 10.43  1.22
 10.85  1.23
 11.24  1.22
 11.64  1.22
 12.04  1.24
 12.44  1.23
 12.85  1.24
 13.23  1.24
 13.64  1.23
 14.05  1.22
 14.38  1.01
 14.77  1.00
 15.19  0.95
 15.59  0.94
 16.00  1.01
 16.39  0.92
 16.78  0.96
 17.19  0.95
 17.57  0.96
 17.98  0.94
 18.36  0.91
 18.79  0.94
 19.20  0.95
 19.23  0.95
 18.90  0.96
 18.50  0.99
 18.09  0.92
 17.68  0.95
 17.29  0.91
 16.88  0.96
 16.47  0.88
 16.08  0.96
 15.68  0.90
 15.26  0.94
 14.90  1.05
 14.51  1.07
 14.12  1.23
 13.73  1.22
 13.33  1.23
 12.94  1.22
 12.54  1.24
 12.15  1.23
 11.73  1.22
 11.34  1.23
 10.93  1.23
 10.54  1.22
 10.14  1.19
  9.72  1.18
  9.32  1.16
  8.92  1.12
  8.51  1.09
  8.10  1.05
  7.70  1.02
  7.29  0.99
  6.88  0.95
  6.48  0.92
  6.07  0.88
  5.65  0.84
  5.25  0.81
  4.85  0.77
  4.43  0.74
  4.03  0.70
  3.63  0.66
  3.20  0.62
  2.80  0.58
  2.41  0.53
  1.99  0.50
  1.59  0.45
  1.18  0.42
  0.77  0.37
  0.36  0.33
 -0.06  0.27
 -0.46  0.24
 -0.86  0.19
 -1.28  0.15
 -1.69  0.10
 -2.10  0.06
 -2.50  0.00
 -2.93 -0.04
 -3.33 -0.08
 -3.74 -0.13
 -4.17 -0.19
 -4.56 -0.26
 -4.98 -0.31
 -5.39 -0.36
 -5.80 -0.37
 -6.16 -0.33
 -6.60 -0.38
 -6.98 -0.33
