S4233L60X.DAT;1
S4233
CHAMPINE
60K  58948.
 alpha   Cl
 -7.12 -0.48
 -6.71 -0.45
 -6.29 -0.41
 -5.91 -0.37
 -5.48 -0.33
 -5.08 -0.30
 -4.67 -0.25
 -4.26 -0.21
 -3.85 -0.17
 -3.43 -0.12
 -3.04 -0.09
 -2.63 -0.06
 -2.23 -0.04
 -1.82  0.01
 -1.42  0.02
 -1.00  0.03
 -0.60  0.08
 -0.18  0.14
  0.21  0.18
  0.64  0.21
  1.04  0.23
  1.43  0.25
  1.83  0.29
  2.25  0.31
  2.64  0.31
  3.06  0.34
  3.46  0.37
  3.88  0.41
  4.28  0.45
  4.68  0.48
  5.08  0.49
  5.48  0.52
  5.90  0.56
  6.30  0.59
  6.73  0.70
  7.18  0.88
  7.57  0.91
  7.99  0.98
  8.40  1.03
  8.80  1.06
  9.21  1.09
  9.60  1.10
 10.03  1.17
 10.44  1.18
 10.83  1.20
 11.23  1.25
 11.63  1.20
 12.03  1.18
 12.43  1.19
 12.82  1.17
 13.23  1.15
 13.62  1.13
 14.03  1.17
 14.42  1.15
 14.80  1.10
 15.22  1.09
 15.60  1.06
 15.98  0.93
 16.36  0.85
 16.74  0.85
 17.17  0.81
 17.56  0.85
 17.96  0.85
 18.35  0.82
 18.76  0.87
 19.15  0.85
 19.20  0.81
 18.85  0.82
 18.45  0.83
 18.06  0.81
 17.68  0.91
 17.25  0.81
 16.87  0.86
 16.47  0.85
 16.08  0.92
 15.66  0.90
 15.34  1.13
 14.92  1.14
 14.52  1.14
 14.13  1.15
 13.73  1.15
 13.33  1.17
 12.94  1.18
 12.56  1.21
 12.14  1.20
 11.73  1.20
 11.34  1.23
 10.92  1.19
 10.52  1.15
 10.12  1.14
  9.73  1.13
  9.30  1.10
  8.90  1.05
  8.50  1.02
  8.09  0.97
  7.68  0.94
  7.26  0.83
  6.85  0.77
  6.41  0.59
  6.00  0.53
  5.59  0.51
  5.19  0.46
  4.79  0.48
  4.38  0.44
  3.97  0.39
  3.56  0.36
  3.16  0.33
  2.75  0.33
  2.35  0.29
  1.94  0.27
  1.55  0.25
  1.13  0.23
  0.73  0.21
  0.33  0.15
 -0.09  0.11
 -0.51  0.07
 -0.91  0.02
 -1.32 -0.01
 -1.72 -0.02
 -2.12 -0.03
 -2.53 -0.06
 -2.94 -0.08
 -3.35 -0.12
 -3.75 -0.16
 -4.16 -0.20
 -4.56 -0.25
 -4.97 -0.28
 -5.39 -0.32
 -5.80 -0.36
 -6.21 -0.41
 -6.62 -0.45
 -7.01 -0.46
