S4233L100X.DAT;1
S4233
CHAMPINE
100K  101072.
 alpha   Cl
 -6.07 -0.29
 -5.67 -0.25
 -5.25 -0.21
 -4.85 -0.17
 -4.45 -0.13
 -4.02 -0.09
 -3.63 -0.06
 -3.23 -0.02
 -2.81  0.01
 -2.41  0.04
 -2.00  0.07
 -1.61  0.10
 -1.19  0.13
 -0.79  0.16
 -0.37  0.19
  0.04  0.24
  0.44  0.29
  0.87  0.33
  1.26  0.37
  1.68  0.41
  2.08  0.46
  2.46  0.46
  2.87  0.50
  3.29  0.53
  3.70  0.58
  4.11  0.62
  4.51  0.66
  4.93  0.70
  5.34  0.74
  5.76  0.79
  6.16  0.84
  6.57  0.89
  6.97  0.93
  7.39  0.97
  7.80  1.02
  8.21  1.06
  8.61  1.09
  9.02  1.13
  9.42  1.17
  9.85  1.21
 10.24  1.24
 10.65  1.27
 11.04  1.24
 11.45  1.22
 11.83  1.21
 12.22  1.20
 12.63  1.19
 13.03  1.17
 13.41  1.15
 13.82  1.14
 14.22  1.14
 14.61  1.14
 15.00  1.12
 15.40  1.11
 15.81  1.11
 16.23  1.11
 16.61  1.10
 17.00  1.08
 17.40  1.03
 17.11  1.08
 16.71  1.09
 16.31  1.10
 15.91  1.11
 15.51  1.13
 15.12  1.13
 14.73  1.13
 14.33  1.15
 13.93  1.15
 13.52  1.15
 13.13  1.16
 12.73  1.19
 12.33  1.19
 11.94  1.21
 11.54  1.22
 11.15  1.24
 10.74  1.24
 10.33  1.25
  9.93  1.22
  9.54  1.19
  9.13  1.14
  8.71  1.10
  8.31  1.06
  7.90  1.02
  7.49  0.98
  7.08  0.94
  6.66  0.90
  6.26  0.85
  5.87  0.81
  5.45  0.75
  5.03  0.70
  4.63  0.67
  4.22  0.63
  3.81  0.58
  3.40  0.55
  2.99  0.52
  2.59  0.48
  2.17  0.43
  1.77  0.41
  1.36  0.38
  0.96  0.34
  0.55  0.30
  0.15  0.25
 -0.27  0.20
 -0.68  0.17
 -1.09  0.13
 -1.50  0.11
 -1.90  0.08
 -2.30  0.05
 -2.71  0.01
 -3.12 -0.02
 -3.53 -0.06
 -3.94 -0.09
 -4.33 -0.12
 -4.74 -0.16
 -5.15 -0.20
 -5.57 -0.25
 -5.99 -0.29
