S4233L80X.DAT;1
S4233
CHAMPINE
80K  78980.
 alpha   Cl
 -7.11 -0.44
 -6.69 -0.39
 -6.27 -0.35
 -5.87 -0.32
 -5.49 -0.27
 -5.05 -0.21
 -4.65 -0.17
 -4.24 -0.13
 -3.82 -0.08
 -3.43 -0.05
 -3.04 -0.01
 -2.61  0.02
 -2.21  0.05
 -1.82  0.07
 -1.40  0.10
 -1.00  0.13
 -0.59  0.17
 -0.16  0.23
  0.25  0.27
  0.64  0.30
  1.06  0.34
  1.46  0.37
  1.86  0.36
  2.27  0.38
  2.66  0.39
  3.06  0.44
  3.47  0.47
  3.88  0.47
  4.28  0.49
  4.69  0.49
  5.08  0.51
  5.49  0.51
  5.89  0.51
  6.28  0.52
  6.70  0.57
  7.10  0.59
  7.51  0.62
  7.91  0.63
  8.31  0.66
  8.76  0.84
  9.21  1.11
  9.64  1.17
 10.03  1.19
 10.44  1.25
 10.85  1.27
 11.26  1.26
 11.64  1.22
 12.04  1.23
 12.44  1.24
 12.84  1.19
 13.23  1.18
 13.64  1.17
 14.02  1.20
 14.42  1.16
 14.82  1.15
 15.22  1.15
 15.60  1.13
 16.03  1.14
 16.41  1.11
 16.80  1.09
 17.20  1.05
 17.56  0.88
 18.00  0.94
 18.36  0.91
 18.79  0.92
 19.15  0.85
 19.23  0.90
 18.87  0.95
 18.48  0.95
 18.09  1.00
 17.69  0.97
 17.29  0.96
 16.88  0.90
 16.51  1.08
 16.12  1.14
 15.72  1.13
 15.32  1.12
 14.91  1.12
 14.52  1.16
 14.13  1.16
 13.74  1.18
 13.33  1.17
 12.94  1.18
 12.54  1.20
 12.14  1.22
 11.76  1.26
 11.35  1.26
 10.95  1.28
 10.54  1.24
 10.14  1.21
  9.72  1.17
  9.31  1.12
  8.91  1.08
  8.50  1.03
  8.08  0.95
  7.61  0.61
  7.21  0.58
  6.80  0.58
  6.40  0.55
  6.01  0.54
  5.59  0.51
  5.21  0.53
  4.80  0.51
  4.39  0.49
  3.98  0.51
  3.59  0.48
  3.18  0.45
  2.77  0.42
  2.37  0.38
  1.96  0.36
  1.57  0.38
  1.15  0.35
  0.75  0.31
  0.35  0.28
 -0.06  0.25
 -0.47  0.19
 -0.89  0.14
 -1.29  0.11
 -1.70  0.08
 -2.11  0.06
 -2.51  0.03
 -2.91  0.00
 -3.32 -0.03
 -3.72 -0.08
 -4.15 -0.12
 -4.56 -0.17
 -4.98 -0.21
 -5.36 -0.27
 -5.80 -0.31
 -6.18 -0.35
 -6.60 -0.40
 -7.01 -0.43
