SD2030L60X.DAT;1
SD2030
WAGNER/OLSEN
60K  59269.
 alpha   Cl
 -6.09 -0.36
 -5.69 -0.33
 -5.28 -0.29
 -4.85 -0.27
 -4.48 -0.23
 -4.06 -0.20
 -3.65 -0.16
 -3.25 -0.13
 -2.83 -0.10
 -2.42 -0.07
 -2.03 -0.03
 -1.60  0.01
 -1.21  0.04
 -0.81  0.07
 -0.39  0.12
  0.02  0.16
  0.43  0.20
  0.82  0.23
  1.24  0.27
  1.66  0.33
  2.05  0.39
  2.46  0.44
  2.90  0.51
  3.30  0.56
  3.70  0.60
  4.11  0.66
  4.53  0.72
  4.94  0.76
  5.34  0.77
  5.74  0.79
  6.17  0.82
  6.55  0.84
  6.96  0.87
  7.36  0.88
  7.77  0.91
  8.16  0.93
  8.56  0.92
  8.98  0.95
  9.38  0.96
  9.78  0.98
 10.18  0.98
 10.60  1.03
 11.01  1.01
 11.37  0.96
 11.80  1.01
 12.22  1.08
 12.56  0.92
 12.98  0.94
 13.34  0.77
 13.75  0.79
 14.14  0.78
 14.56  0.78
 14.95  0.80
 15.34  0.81
 15.75  0.78
 16.16  0.85
 16.54  0.79
 16.95  0.78
 17.35  0.84
 17.05  0.80
 16.67  0.83
 16.26  0.84
 15.86  0.85
 15.45  0.83
 15.06  0.83
 14.67  0.85
 14.27  0.92
 13.85  0.81
 13.49  0.92
 13.07  0.87
 12.69  0.98
 12.28  0.92
 11.87  0.85
 11.49  0.94
 11.10  1.05
 10.69  0.98
 10.29  0.97
  9.89  0.98
  9.49  0.96
  9.09  0.96
  8.69  0.94
  8.28  0.91
  7.87  0.89
  7.47  0.88
  7.07  0.87
  6.66  0.83
  6.26  0.82
  5.86  0.81
  5.45  0.79
  5.04  0.74
  4.63  0.71
  4.24  0.66
  3.82  0.63
  3.42  0.58
  2.98  0.51
  2.59  0.44
  2.16  0.36
  1.75  0.32
  1.34  0.27
  0.94  0.23
  0.53  0.19
  0.10  0.16
 -0.28  0.12
 -0.69  0.08
 -1.11  0.05
 -1.52  0.01
 -1.93 -0.02
 -2.33 -0.06
 -2.74 -0.11
 -3.15 -0.14
 -3.55 -0.16
 -3.96 -0.20
 -4.36 -0.23
 -4.79 -0.28
 -5.19 -0.29
 -5.57 -0.33
 -5.99 -0.36
