SD2030L80X.DAT;1
SD2030
WAGNER/OLSEN
80K  81322.
 alpha   Cl
 -6.09 -0.37
 -5.68 -0.34
 -5.30 -0.31
 -4.89 -0.28
 -4.48 -0.24
 -4.06 -0.21
 -3.66 -0.18
 -3.25 -0.13
 -2.83 -0.10
 -2.44 -0.08
 -2.03 -0.04
 -1.61 -0.01
 -1.21  0.03
 -0.80  0.07
 -0.41  0.12
  0.02  0.16
  0.42  0.20
  0.83  0.25
  1.25  0.30
  1.66  0.38
  2.07  0.43
  2.48  0.50
  2.90  0.56
  3.32  0.61
  3.71  0.65
  4.12  0.68
  4.52  0.71
  4.94  0.76
  5.36  0.79
  5.75  0.81
  6.15  0.84
  6.56  0.86
  6.96  0.88
  7.36  0.89
  7.78  0.93
  8.18  0.94
  8.58  0.95
  8.99  0.97
  9.40  0.98
  9.80  1.01
 10.19  1.01
 10.59  1.02
 10.98  0.98
 11.40  1.01
 11.79  1.05
 12.18  0.97
 12.57  0.88
 12.98  0.96
 13.39  0.97
 13.76  0.84
 14.17  0.88
 14.57  0.92
 14.95  0.84
 15.35  0.83
 15.75  0.80
 16.16  0.84
 16.55  0.80
 16.95  0.80
 17.37  0.87
 17.05  0.81
 16.67  0.83
 16.27  0.83
 15.86  0.85
 15.45  0.83
 15.06  0.85
 14.69  0.92
 14.26  0.89
 13.87  0.91
 13.48  0.91
 13.10  1.04
 12.68  0.98
 12.28  0.91
 11.87  0.89
 11.49  1.03
 11.11  1.08
 10.70  1.04
 10.29  1.01
  9.89  1.01
  9.48  1.00
  9.09  0.97
  8.68  0.95
  8.29  0.95
  7.88  0.93
  7.47  0.90
  7.07  0.89
  6.66  0.86
  6.25  0.84
  5.85  0.81
  5.45  0.79
  5.05  0.75
  4.63  0.72
  4.23  0.69
  3.83  0.65
  3.42  0.62
  2.99  0.57
  2.59  0.51
  2.17  0.45
  1.76  0.38
  1.34  0.31
  0.94  0.25
  0.52  0.20
  0.11  0.15
 -0.29  0.12
 -0.69  0.07
 -1.10  0.03
 -1.51  0.00
 -1.92 -0.04
 -2.32 -0.07
 -2.74 -0.11
 -3.13 -0.13
 -3.53 -0.17
 -3.96 -0.21
 -4.36 -0.24
 -4.79 -0.28
 -5.17 -0.31
 -5.57 -0.33
 -6.00 -0.38
