SD2030L100X.DAT;1
SD2030
WAGNER/OLSEN
100K  98952.
 alpha   Cl
 -6.10 -0.37
 -5.69 -0.34
 -5.29 -0.31
 -4.87 -0.27
 -4.47 -0.24
 -4.06 -0.20
 -3.65 -0.16
 -3.25 -0.13
 -2.84 -0.09
 -2.44 -0.06
 -2.02 -0.03
 -1.63  0.01
 -1.21  0.05
 -0.79  0.09
 -0.39  0.14
  0.02  0.18
  0.43  0.23
  0.84  0.29
  1.25  0.36
  1.66  0.41
  2.08  0.47
  2.49  0.54
  2.92  0.60
  3.31  0.64
  3.72  0.68
  4.13  0.72
  4.54  0.75
  4.95  0.79
  5.34  0.82
  5.75  0.84
  6.17  0.87
  6.56  0.89
  6.96  0.90
  7.38  0.93
  7.78  0.95
  8.19  0.98
  8.59  0.99
  8.99  1.02
  9.40  1.03
  9.79  1.04
 10.21  1.06
 10.62  1.08
 10.99  1.02
 11.37  0.96
 11.87  1.20
 12.21  1.11
 12.56  0.93
 12.99  1.04
 13.39  0.97
 13.79  1.03
 14.18  0.94
 14.58  0.94
 14.97  0.89
 15.35  0.83
 15.77  0.89
 16.16  0.85
 16.56  0.86
 16.97  0.92
 17.35  0.85
 17.07  0.87
 16.65  0.84
 16.27  0.84
 15.85  0.86
 15.47  0.93
 15.06  0.93
 14.67  0.86
 14.29  0.97
 13.89  0.89
 13.50  0.98
 13.08  0.91
 12.70  1.09
 12.32  1.06
 11.90  1.00
 11.55  1.19
 11.12  1.10
 10.70  1.05
 10.32  1.07
  9.91  1.05
  9.50  1.03
  9.11  1.01
  8.69  1.00
  8.30  0.98
  7.89  0.95
  7.49  0.93
  7.08  0.91
  6.68  0.89
  6.27  0.86
  5.85  0.84
  5.46  0.81
  5.06  0.78
  4.64  0.75
  4.23  0.72
  3.84  0.68
  3.43  0.64
  3.00  0.60
  2.62  0.56
  2.20  0.49
  1.76  0.44
  1.36  0.37
  0.94  0.31
  0.53  0.25
  0.13  0.19
 -0.29  0.15
 -0.70  0.11
 -1.09  0.06
 -1.52  0.02
 -1.93 -0.02
 -2.32 -0.05
 -2.73 -0.08
 -3.13 -0.11
 -3.54 -0.15
 -3.95 -0.19
 -4.38 -0.23
 -4.76 -0.26
 -5.17 -0.29
 -5.59 -0.32
 -5.97 -0.36
