SD5060L100X.DAT;1
SD5060
REED
100K  100153.
 alpha   Cl
 -6.12 -0.44
 -5.70 -0.41
 -5.31 -0.38
 -4.88 -0.34
 -4.49 -0.32
 -4.08 -0.28
 -3.67 -0.26
 -3.27 -0.22
 -2.86 -0.19
 -2.45 -0.15
 -2.03 -0.10
 -1.63 -0.05
 -1.21  0.01
 -0.79  0.06
 -0.40  0.12
  0.03  0.19
  0.43  0.23
  0.83  0.28
  1.24  0.32
  1.66  0.36
  2.05  0.39
  2.46  0.42
  2.88  0.46
  3.28  0.49
  3.69  0.52
  4.11  0.56
  4.50  0.60
  4.91  0.64
  5.33  0.67
  5.73  0.71
  6.13  0.75
  6.55  0.77
  6.95  0.81
  7.36  0.84
  7.76  0.88
  8.18  0.90
  8.57  0.92
  8.98  0.96
  9.39  0.98
  9.81  1.01
 10.20  1.02
 10.60  1.04
 11.01  1.07
 11.40  1.07
 11.81  1.09
 12.21  1.09
 12.55  0.87
 12.96  0.86
 13.37  0.84
 13.77  0.89
 14.16  0.82
 14.57  0.88
 14.94  0.83
 15.35  0.86
 15.76  0.84
 16.16  0.84
 16.56  0.86
 16.96  0.83
 17.34  0.84
 17.05  0.85
 16.67  0.86
 16.27  0.85
 15.87  0.86
 15.46  0.85
 15.07  0.83
 14.65  0.82
 14.27  0.85
 13.87  0.84
 13.46  0.86
 13.06  0.84
 12.66  0.84
 12.28  0.89
 11.88  0.93
 11.51  1.07
 11.11  1.07
 10.71  1.05
 10.31  1.03
  9.89  1.01
  9.50  0.99
  9.09  0.96
  8.67  0.93
  8.28  0.92
  7.87  0.87
  7.46  0.84
  7.07  0.82
  6.65  0.79
  6.24  0.76
  5.84  0.71
  5.42  0.69
  5.02  0.65
  4.61  0.61
  4.20  0.57
  3.81  0.54
  3.40  0.50
  2.98  0.46
  2.58  0.43
  2.16  0.40
  1.76  0.36
  1.36  0.33
  0.95  0.29
  0.53  0.24
  0.13  0.20
 -0.29  0.14
 -0.70  0.08
 -1.11  0.02
 -1.54 -0.04
 -1.92 -0.08
 -2.33 -0.13
 -2.75 -0.18
 -3.16 -0.21
 -3.57 -0.24
 -3.96 -0.27
 -4.36 -0.29
 -4.77 -0.33
 -5.20 -0.36
 -5.58 -0.40
 -6.01 -0.43
