SD5060L80X.DAT;1
SD5060
REED
80K  81305.
 alpha   Cl
 -6.11 -0.43
 -5.70 -0.39
 -5.30 -0.36
 -4.91 -0.33
 -4.47 -0.30
 -4.07 -0.27
 -3.67 -0.24
 -3.25 -0.22
 -2.87 -0.19
 -2.44 -0.15
 -2.05 -0.12
 -1.64 -0.08
 -1.23 -0.04
 -0.82  0.01
 -0.41  0.08
  0.02  0.15
  0.42  0.21
  0.83  0.26
  1.25  0.32
  1.67  0.36
  2.08  0.40
  2.47  0.43
  2.89  0.47
  3.28  0.50
  3.70  0.54
  4.09  0.57
  4.51  0.61
  4.91  0.64
  5.32  0.67
  5.74  0.72
  6.14  0.75
  6.54  0.77
  6.95  0.81
  7.37  0.84
  7.75  0.86
  8.17  0.89
  8.58  0.93
  8.98  0.95
  9.39  0.98
  9.79  1.00
 10.19  1.03
 10.60  1.04
 11.00  1.05
 11.40  1.05
 11.81  1.07
 12.17  0.90
 12.56  0.83
 12.95  0.79
 13.38  0.88
 13.75  0.81
 14.17  0.92
 14.56  0.83
 14.96  0.84
 15.36  0.87
 15.73  0.81
 16.14  0.82
 16.55  0.81
 16.95  0.85
 17.37  0.85
 17.06  0.79
 16.67  0.83
 16.26  0.81
 15.85  0.81
 15.46  0.78
 15.08  0.88
 14.67  0.85
 14.27  0.86
 13.86  0.83
 13.46  0.83
 13.05  0.82
 12.66  0.80
 12.29  0.91
 11.88  0.91
 11.51  1.04
 11.10  1.04
 10.69  1.03
 10.30  1.02
  9.89  0.99
  9.50  0.98
  9.10  0.95
  8.68  0.92
  8.27  0.90
  7.88  0.87
  7.45  0.83
  7.05  0.81
  6.65  0.77
  6.24  0.74
  5.84  0.71
  5.43  0.67
  5.03  0.64
  4.62  0.62
  4.21  0.57
  3.80  0.54
  3.39  0.51
  2.99  0.48
  2.57  0.44
  2.15  0.41
  1.77  0.38
  1.37  0.34
  0.95  0.28
  0.53  0.23
  0.13  0.16
 -0.29  0.09
 -0.71  0.02
 -1.12 -0.04
 -1.54 -0.07
 -1.93 -0.11
 -2.35 -0.15
 -2.76 -0.18
 -3.16 -0.21
 -3.56 -0.23
 -3.97 -0.26
 -4.37 -0.29
 -4.80 -0.31
 -5.20 -0.35
 -5.60 -0.38
 -6.00 -0.42
