SD5060L60X.DAT;1
SD5060
REED
60K  60006.
 alpha   Cl
 -6.10 -0.44
 -5.71 -0.40
 -5.31 -0.38
 -4.89 -0.34
 -4.47 -0.30
 -4.07 -0.27
 -3.67 -0.25
 -3.26 -0.23
 -2.86 -0.19
 -2.45 -0.15
 -2.05 -0.13
 -1.64 -0.11
 -1.24 -0.06
 -0.82 -0.03
 -0.41  0.02
 -0.01  0.08
  0.41  0.15
  0.82  0.19
  1.24  0.27
  1.66  0.34
  2.06  0.38
  2.47  0.42
  2.87  0.46
  3.29  0.50
  3.69  0.53
  4.10  0.56
  4.51  0.60
  4.92  0.62
  5.32  0.65
  5.73  0.69
  6.13  0.72
  6.54  0.75
  6.95  0.78
  7.34  0.80
  7.75  0.83
  8.17  0.86
  8.56  0.88
  8.98  0.91
  9.38  0.92
  9.79  0.93
 10.18  0.96
 10.59  0.97
 10.99  0.98
 11.35  0.81
 11.75  0.85
 12.16  0.87
 12.56  0.82
 12.95  0.77
 13.34  0.79
 13.77  0.79
 14.14  0.76
 14.54  0.82
 14.94  0.75
 15.35  0.78
 15.75  0.75
 16.14  0.78
 16.54  0.75
 16.95  0.77
 17.32  0.74
 17.06  0.81
 16.64  0.73
 16.25  0.75
 15.83  0.73
 15.44  0.76
 15.06  0.76
 14.65  0.82
 14.23  0.72
 13.84  0.76
 13.45  0.77
 13.03  0.74
 12.66  0.83
 12.25  0.73
 11.88  0.93
 11.47  0.88
 11.08  0.94
 10.69  0.99
 10.29  0.97
  9.88  0.95
  9.48  0.92
  9.07  0.91
  8.67  0.88
  8.26  0.86
  7.86  0.84
  7.46  0.81
  7.05  0.78
  6.64  0.75
  6.23  0.72
  5.83  0.69
  5.42  0.67
  5.02  0.64
  4.61  0.59
  4.21  0.56
  3.80  0.53
  3.40  0.50
  2.99  0.48
  2.58  0.44
  2.17  0.41
  1.76  0.35
  1.34  0.30
  0.94  0.24
  0.52  0.17
  0.11  0.09
 -0.31  0.03
 -0.71 -0.01
 -1.13 -0.06
 -1.54 -0.09
 -1.94 -0.12
 -2.34 -0.15
 -2.75 -0.17
 -3.15 -0.20
 -3.57 -0.23
 -3.97 -0.26
 -4.37 -0.29
 -4.79 -0.33
 -5.20 -0.35
 -5.60 -0.37
 -6.00 -0.41
