SD6060L100X.DAT;1
SD6060
FOX
100K  99307.
 alpha   Cl
 -6.11 -0.43
 -5.69 -0.39
 -5.31 -0.37
 -4.87 -0.34
 -4.47 -0.32
 -4.07 -0.30
 -3.66 -0.26
 -3.27 -0.23
 -2.85 -0.19
 -2.45 -0.15
 -2.04 -0.10
 -1.63 -0.04
 -1.21  0.03
 -0.81  0.09
 -0.38  0.15
  0.02  0.20
  0.44  0.24
  0.85  0.28
  1.24  0.31
  1.65  0.35
  2.06  0.38
  2.46  0.41
  2.88  0.45
  3.29  0.48
  3.69  0.52
  4.09  0.56
  4.49  0.60
  4.90  0.63
  5.31  0.67
  5.73  0.71
  6.14  0.74
  6.54  0.77
  6.96  0.81
  7.36  0.84
  7.76  0.87
  8.17  0.89
  8.57  0.91
  8.98  0.94
  9.37  0.95
  9.78  0.96
 10.18  0.97
 10.59  0.97
 10.99  0.98
 11.39  0.98
 11.79  0.98
 12.20  1.01
 12.57  0.95
 13.00  1.01
 13.39  0.96
 13.77  0.90
 14.21  0.99
 14.57  0.94
 14.98  0.94
 15.38  0.92
 15.75  0.84
 16.18  0.83
 16.56  0.82
 16.96  0.79
 17.35  0.83
 17.06  0.79
 16.68  0.84
 16.26  0.80
 15.85  0.81
 15.46  0.85
 15.08  0.87
 14.67  0.88
 14.27  0.88
 13.89  0.89
 13.47  0.95
 13.07  0.90
 12.73  1.13
 12.27  0.95
 11.88  0.98
 11.48  0.98
 11.07  0.98
 10.68  0.97
 10.28  0.96
  9.88  0.96
  9.49  0.94
  9.08  0.93
  8.68  0.92
  8.27  0.91
  7.86  0.88
  7.47  0.85
  7.06  0.82
  6.64  0.79
  6.25  0.75
  5.83  0.71
  5.42  0.68
  5.02  0.64
  4.61  0.61
  4.20  0.57
  3.80  0.54
  3.39  0.50
  2.98  0.46
  2.58  0.43
  2.16  0.39
  1.77  0.36
  1.36  0.32
  0.94  0.28
  0.54  0.25
  0.13  0.20
 -0.28  0.16
 -0.69  0.11
 -1.11  0.04
 -1.52 -0.04
 -1.93 -0.09
 -2.35 -0.14
 -2.75 -0.19
 -3.16 -0.22
 -3.57 -0.25
 -3.96 -0.28
 -4.38 -0.32
 -4.79 -0.34
 -5.19 -0.36
 -5.61 -0.38
 -6.01 -0.41
