SD6060L80X.DAT;1
SD6060
FOX
80K  79464.
 alpha   Cl
 -6.11 -0.41
 -5.69 -0.38
 -5.29 -0.36
 -4.91 -0.33
 -4.48 -0.31
 -4.07 -0.29
 -3.68 -0.26
 -3.25 -0.23
 -2.87 -0.20
 -2.44 -0.18
 -2.05 -0.15
 -1.63 -0.10
 -1.21 -0.04
 -0.81  0.04
 -0.41  0.09
  0.01  0.14
  0.43  0.20
  0.83  0.25
  1.24  0.30
  1.65  0.34
  2.06  0.38
  2.46  0.42
  2.87  0.46
  3.28  0.49
  3.70  0.53
  4.10  0.57
  4.50  0.59
  4.92  0.63
  5.32  0.68
  5.73  0.70
  6.15  0.74
  6.56  0.77
  6.95  0.80
  7.37  0.83
  7.77  0.86
  8.17  0.90
  8.57  0.91
  8.98  0.93
  9.37  0.93
  9.79  0.94
 10.17  0.95
 10.60  0.97
 10.98  0.98
 11.38  0.97
 11.79  0.98
 12.18  1.01
 12.56  0.90
 12.96  0.90
 13.36  0.92
 13.77  0.93
 14.15  0.85
 14.56  0.84
 14.95  0.83
 15.35  0.83
 15.76  0.83
 16.16  0.86
 16.54  0.80
 16.93  0.78
 17.34  0.79
 17.06  0.81
 16.66  0.82
 16.25  0.86
 15.87  0.82
 15.43  0.77
 15.08  0.86
 14.67  0.85
 14.28  0.90
 13.89  0.96
 13.49  1.01
 13.10  1.00
 12.69  0.95
 12.31  1.01
 11.89  0.99
 11.48  0.98
 11.08  0.99
 10.68  0.97
 10.28  0.96
  9.90  0.96
  9.49  0.95
  9.09  0.94
  8.68  0.93
  8.27  0.91
  7.87  0.89
  7.47  0.86
  7.05  0.82
  6.65  0.79
  6.24  0.76
  5.85  0.72
  5.43  0.68
  5.03  0.65
  4.62  0.61
  4.21  0.58
  3.79  0.54
  3.40  0.51
  2.98  0.47
  2.57  0.43
  2.17  0.39
  1.77  0.35
  1.35  0.31
  0.94  0.27
  0.53  0.22
  0.12  0.17
 -0.29  0.11
 -0.69  0.05
 -1.12 -0.01
 -1.53 -0.08
 -1.94 -0.13
 -2.34 -0.17
 -2.76 -0.19
 -3.15 -0.22
 -3.57 -0.25
 -3.98 -0.28
 -4.38 -0.30
 -4.78 -0.33
 -5.18 -0.36
 -5.60 -0.38
 -6.01 -0.41
