SD6060L60X.DAT;1
SD6060
FOX
60K  59540.
 alpha   Cl
 -6.11 -0.42
 -5.70 -0.40
 -5.29 -0.37
 -4.90 -0.35
 -4.49 -0.33
 -4.08 -0.31
 -3.68 -0.28
 -3.27 -0.26
 -2.88 -0.22
 -2.46 -0.19
 -2.06 -0.16
 -1.64 -0.13
 -1.24 -0.10
 -0.83 -0.06
 -0.42  0.00
 -0.00  0.06
  0.41  0.13
  0.81  0.19
  1.23  0.23
  1.64  0.27
  2.04  0.32
  2.46  0.37
  2.88  0.42
  3.28  0.46
  3.69  0.49
  4.09  0.53
  4.49  0.56
  4.90  0.59
  5.32  0.64
  5.72  0.67
  6.13  0.71
  6.54  0.74
  6.95  0.75
  7.35  0.80
  7.75  0.82
  8.15  0.83
  8.55  0.86
  8.96  0.88
  9.37  0.91
  9.76  0.92
 10.18  0.90
 10.57  0.91
 10.97  0.93
 11.37  0.94
 11.79  0.93
 12.19  0.99
 12.60  1.00
 12.97  0.93
 13.37  0.94
 13.74  0.82
 14.14  0.81
 14.56  0.84
 14.94  0.76
 15.33  0.77
 15.76  0.77
 16.14  0.76
 16.54  0.72
 16.95  0.75
 17.34  0.80
 17.06  0.86
 16.63  0.76
 16.25  0.78
 15.84  0.76
 15.42  0.75
 15.05  0.84
 14.64  0.78
 14.25  0.87
 13.88  0.88
 13.46  0.90
 13.06  0.87
 12.69  0.96
 12.30  0.97
 11.90  0.98
 11.49  0.96
 11.07  0.95
 10.68  0.93
 10.28  0.94
  9.89  0.93
  9.48  0.90
  9.06  0.88
  8.66  0.88
  8.27  0.86
  7.86  0.83
  7.46  0.81
  7.04  0.77
  6.64  0.76
  6.24  0.72
  5.84  0.68
  5.43  0.66
  5.02  0.62
  4.61  0.59
  4.20  0.54
  3.80  0.51
  3.39  0.47
  2.98  0.43
  2.57  0.39
  2.15  0.34
  1.75  0.31
  1.35  0.26
  0.92  0.19
  0.52  0.14
  0.10  0.08
 -0.30  0.02
 -0.73 -0.04
 -1.13 -0.08
 -1.55 -0.11
 -1.95 -0.15
 -2.34 -0.18
 -2.75 -0.20
 -3.16 -0.24
 -3.58 -0.26
 -3.97 -0.29
 -4.37 -0.31
 -4.77 -0.34
 -5.19 -0.36
 -5.60 -0.39
 -6.00 -0.41
