SD7032L80X.DAT;1
SD7032C  0 DEG FLAP
FRASER
80K  80111.
 alpha   Cl
 -6.08 -0.26
 -5.67 -0.21
 -5.26 -0.17
 -4.84 -0.13
 -4.45 -0.09
 -4.05 -0.05
 -3.61 -0.01
 -3.23  0.03
 -2.80  0.08
 -2.40  0.13
 -2.00  0.17
 -1.58  0.21
 -1.15  0.26
 -0.74  0.33
 -0.35  0.39
  0.07  0.46
  0.49  0.51
  0.89  0.55
  1.31  0.60
  1.73  0.63
  2.11  0.68
  2.54  0.71
  2.95  0.74
  3.35  0.78
  3.76  0.81
  4.15  0.84
  4.57  0.88
  4.98  0.92
  5.38  0.95
  5.78  0.98
  6.18  1.01
  6.61  1.04
  7.00  1.07
  7.42  1.10
  7.81  1.13
  8.22  1.16
  8.64  1.19
  9.04  1.21
  9.44  1.25
  9.85  1.28
 10.24  1.30
 10.65  1.30
 11.06  1.31
 11.46  1.30
 11.85  1.30
 12.25  1.30
 12.63  1.26
 13.04  1.26
 13.45  1.24
 13.83  1.21
 14.25  1.23
 14.63  1.15
 14.98  0.95
 15.38  0.98
 15.77  0.94
 16.19  1.00
 16.57  0.91
 16.98  0.97
 17.38  0.95
 17.09  0.98
 16.66  0.93
 16.28  0.90
 15.88  0.98
 15.49  0.92
 15.07  0.95
 14.68  0.97
 14.29  1.03
 13.90  0.98
 13.48  0.98
 13.09  0.98
 12.68  0.98
 12.29  0.96
 11.89  1.03
 11.56  1.30
 11.16  1.29
 10.75  1.29
 10.35  1.29
  9.95  1.28
  9.55  1.26
  9.14  1.23
  8.73  1.19
  8.32  1.16
  7.93  1.14
  7.51  1.10
  7.11  1.08
  6.69  1.04
  6.29  1.03
  5.88  0.98
  5.47  0.96
  5.08  0.94
  4.67  0.89
  4.26  0.86
  3.87  0.82
  3.45  0.79
  3.05  0.75
  2.64  0.71
  2.23  0.68
  1.83  0.64
  1.40  0.61
  1.01  0.57
  0.59  0.52
  0.18  0.47
 -0.21  0.41
 -0.63  0.36
 -1.06  0.29
 -1.46  0.23
 -1.88  0.18
 -2.28  0.14
 -2.70  0.10
 -3.13  0.04
 -3.50  0.00
 -3.93 -0.04
 -4.31 -0.08
 -4.74 -0.13
 -5.16 -0.17
 -5.54 -0.20
 -5.96 -0.26
