SD7084L60X.DAT;1
SD7084
ALLEN
60K  60910.
 alpha   Cl
 -6.10 -0.40
 -5.70 -0.36
 -5.29 -0.33
 -4.88 -0.31
 -4.48 -0.28
 -4.08 -0.26
 -3.67 -0.24
 -3.25 -0.20
 -2.84 -0.17
 -2.44 -0.14
 -2.04 -0.12
 -1.63 -0.08
 -1.22 -0.04
 -0.82 -0.01
 -0.40  0.04
 -0.00  0.07
  0.41  0.12
  0.81  0.17
  1.24  0.24
  1.64  0.30
  2.07  0.37
  2.47  0.43
  2.89  0.49
  3.30  0.54
  3.71  0.57
  4.11  0.59
  4.51  0.65
  4.92  0.67
  5.33  0.69
  5.74  0.72
  6.14  0.76
  6.54  0.79
  6.96  0.83
  7.37  0.85
  7.77  0.88
  8.18  0.91
  8.58  0.94
  8.99  0.98
  9.39  1.00
  9.79  1.02
 10.20  1.04
 10.60  1.04
 11.02  1.07
 11.40  1.05
 11.82  1.06
 12.20  1.07
 12.60  1.06
 12.96  0.87
 13.35  0.82
 13.75  0.81
 14.16  0.82
 14.55  0.79
 14.95  0.82
 15.35  0.77
 15.74  0.79
 16.13  0.77
 16.54  0.78
 16.94  0.76
 17.34  0.76
 17.07  0.83
 16.64  0.77
 16.25  0.76
 15.86  0.80
 15.46  0.86
 15.04  0.73
 14.65  0.79
 14.25  0.84
 13.85  0.80
 13.46  0.81
 13.07  0.91
 12.66  0.81
 12.29  0.93
 11.90  1.05
 11.51  1.06
 11.09  1.05
 10.70  1.06
 10.29  1.04
  9.90  1.03
  9.50  1.02
  9.09  0.99
  8.68  0.96
  8.28  0.94
  7.87  0.89
  7.47  0.86
  7.06  0.84
  6.65  0.82
  6.25  0.78
  5.85  0.76
  5.44  0.73
  5.03  0.71
  4.61  0.66
  4.21  0.62
  3.80  0.60
  3.40  0.56
  3.00  0.51
  2.58  0.46
  2.16  0.40
  1.75  0.33
  1.34  0.29
  0.93  0.23
  0.51  0.16
  0.11  0.11
 -0.30  0.07
 -0.71  0.04
 -1.11  0.00
 -1.53 -0.04
 -1.94 -0.08
 -2.33 -0.12
 -2.74 -0.15
 -3.15 -0.18
 -3.56 -0.20
 -3.96 -0.24
 -4.37 -0.25
 -4.77 -0.28
 -5.17 -0.32
 -5.59 -0.34
 -5.98 -0.37
