SD7090L80X.DAT;1
SD7090
WATSON
80K  75702.
 alpha   Cl
 -6.10 -0.42
 -5.69 -0.39
 -5.30 -0.36
 -4.88 -0.32
 -4.47 -0.30
 -4.08 -0.26
 -3.64 -0.23
 -3.27 -0.20
 -2.85 -0.17
 -2.45 -0.14
 -2.04 -0.10
 -1.63 -0.05
 -1.22  0.02
 -0.80  0.09
 -0.38  0.17
  0.03  0.24
  0.43  0.28
  0.86  0.33
  1.26  0.37
  1.67  0.41
  2.07  0.45
  2.49  0.49
  2.88  0.52
  3.29  0.56
  3.72  0.60
  4.12  0.64
  4.53  0.68
  4.92  0.71
  5.35  0.75
  5.74  0.78
  6.14  0.81
  6.56  0.85
  6.96  0.88
  7.38  0.91
  7.78  0.94
  8.19  0.99
  8.60  1.00
  8.99  1.02
  9.40  1.05
  9.80  1.07
 10.20  1.07
 10.62  1.10
 11.02  1.13
 11.37  0.90
 11.76  0.87
 12.16  0.84
 12.56  0.86
 12.99  0.89
 13.36  0.83
 13.77  0.83
 14.15  0.77
 14.55  0.85
 14.94  0.77
 15.36  0.81
 15.75  0.78
 16.14  0.79
 16.55  0.86
 16.95  0.76
 17.36  0.80
 17.05  0.78
 16.66  0.82
 16.27  0.80
 15.84  0.80
 15.46  0.81
 15.03  0.73
 14.65  0.75
 14.25  0.79
 13.85  0.81
 13.44  0.77
 13.07  0.82
 12.67  0.84
 12.26  0.86
 11.89  0.96
 11.48  0.91
 11.10  1.02
 10.71  1.08
 10.31  1.07
  9.92  1.09
  9.52  1.07
  9.10  1.04
  8.68  1.00
  8.31  1.01
  7.89  0.95
  7.47  0.95
  7.08  0.91
  6.67  0.86
  6.26  0.85
  5.85  0.81
  5.44  0.76
  5.03  0.73
  4.64  0.69
  4.23  0.65
  3.82  0.62
  3.41  0.58
  3.01  0.55
  2.59  0.52
  2.19  0.47
  1.77  0.44
  1.37  0.40
  0.96  0.35
  0.55  0.31
  0.13  0.25
 -0.26  0.19
 -0.71  0.11
 -1.09  0.05
 -1.52 -0.03
 -1.93 -0.09
 -2.33 -0.12
 -2.73 -0.15
 -3.15 -0.18
 -3.56 -0.22
 -3.97 -0.25
 -4.37 -0.28
 -4.77 -0.31
 -5.17 -0.34
 -5.59 -0.37
 -6.00 -0.40
