SD7003L80X.DAT;2
SD7003
ALLEN
80K  79856.
 alpha   Cl
 -6.13 -0.49
 -5.71 -0.45
 -5.31 -0.42
 -4.90 -0.40
 -4.50 -0.36
 -4.07 -0.31
 -3.68 -0.28
 -3.26 -0.24
 -2.87 -0.20
 -2.45 -0.17
 -2.05 -0.14
 -1.63 -0.09
 -1.22 -0.07
 -0.82 -0.03
 -0.41  0.01
 -0.02  0.05
  0.40  0.08
  0.81  0.15
  1.23  0.26
  1.64  0.31
  2.06  0.35
  2.47  0.38
  2.87  0.41
  3.27  0.44
  3.68  0.46
  4.09  0.49
  4.49  0.53
  4.91  0.57
  5.31  0.61
  5.72  0.65
  6.14  0.70
  6.55  0.75
  6.96  0.79
  7.36  0.81
  7.76  0.85
  8.17  0.84
  8.58  0.90
  8.98  0.93
  9.39  0.95
  9.79  0.98
 10.19  0.97
 10.59  0.96
 10.99  1.02
 11.39  0.95
 11.79  0.96
 12.19  1.00
 12.60  0.96
 13.00  0.97
 13.36  0.90
 13.79  0.99
 14.19  0.97
 14.59  0.98
 14.98  0.93
 15.37  0.93
 15.79  0.96
 16.19  0.92
 16.57  0.94
 16.96  0.91
 17.38  0.90
 17.10  0.92
 16.67  0.89
 16.29  0.97
 15.88  0.93
 15.47  0.88
 15.08  0.92
 14.69  0.93
 14.28  0.88
 13.87  0.89
 13.47  0.93
 13.09  0.98
 12.66  0.90
 12.26  0.90
 11.88  0.98
 11.47  0.93
 11.08  0.92
 10.68  0.95
 10.27  0.94
  9.87  0.91
  9.48  0.94
  9.09  0.92
  8.67  0.90
  8.27  0.88
  7.86  0.85
  7.44  0.80
  7.05  0.77
  6.64  0.74
  6.24  0.72
  5.84  0.69
  5.42  0.65
  5.02  0.61
  4.61  0.57
  4.20  0.53
  3.79  0.50
  3.39  0.45
  2.98  0.42
  2.56  0.39
  2.16  0.34
  1.75  0.29
  1.34  0.26
  0.93  0.19
  0.52  0.12
  0.11  0.08
 -0.32  0.03
 -0.71 -0.01
 -1.13 -0.03
 -1.53 -0.05
 -1.93 -0.10
 -2.33 -0.13
 -2.75 -0.18
 -3.16 -0.21
 -3.57 -0.26
 -3.97 -0.30
 -4.38 -0.34
 -4.79 -0.36
 -5.18 -0.39
 -5.61 -0.41
 -6.01 -0.45
