SD7080L80X.DAT;1
SD7080
ILLICK
80K  80288.
 alpha   Cl
 -7.11 -0.50
 -6.70 -0.44
 -6.31 -0.42
 -5.89 -0.39
 -5.51 -0.37
 -5.10 -0.34
 -4.68 -0.32
 -4.29 -0.29
 -3.87 -0.25
 -3.45 -0.23
 -3.06 -0.20
 -2.65 -0.17
 -2.23 -0.12
 -1.83 -0.08
 -1.42 -0.04
 -1.00  0.01
 -0.60  0.06
 -0.20  0.12
  0.23  0.19
  0.63  0.25
  1.05  0.32
  1.46  0.37
  1.87  0.41
  2.27  0.44
  2.68  0.47
  3.08  0.51
  3.49  0.54
  3.91  0.57
  4.32  0.62
  4.71  0.65
  5.13  0.69
  5.54  0.72
  5.93  0.76
  6.34  0.79
  6.75  0.82
  7.16  0.85
  7.57  0.88
  7.97  0.91
  8.37  0.93
  8.79  0.96
  9.18  0.98
  9.60  1.00
 10.00  1.01
 10.41  1.02
 10.81  1.04
 11.19  1.02
 11.59  1.05
 12.01  1.06
 12.40  1.06
 12.81  1.06
 13.19  1.01
 13.58  0.96
 13.96  0.87
 14.36  0.84
 14.79  0.96
 15.15  0.90
 15.57  0.89
 15.95  0.83
 16.36  0.89
 16.75  0.81
 17.13  0.84
 17.58  0.90
 17.97  0.87
 18.36  0.85
 18.77  0.88
 19.15  0.85
 19.21  0.85
 18.88  0.87
 18.47  0.84
 18.07  0.86
 17.66  0.81
 17.24  0.84
 16.87  0.83
 16.46  0.87
 16.05  0.86
 15.65  0.89
 15.26  0.87
 14.90  0.97
 14.48  0.91
 14.09  1.00
 13.68  1.04
 13.27  0.96
 12.95  1.07
 12.50  1.07
 12.11  1.04
 11.71  1.04
 11.30  1.03
 10.90  1.02
 10.51  1.01
 10.10  1.00
  9.69  0.99
  9.30  0.99
  8.90  0.96
  8.47  0.93
  8.09  0.92
  7.66  0.88
  7.25  0.85
  6.85  0.81
  6.45  0.79
  6.03  0.75
  5.63  0.72
  5.22  0.68
  4.83  0.66
  4.42  0.61
  4.00  0.58
  3.59  0.55
  3.20  0.51
  2.78  0.48
  2.39  0.45
  1.96  0.41
  1.55  0.37
  1.15  0.32
  0.74  0.27
  0.33  0.20
 -0.10  0.12
 -0.51  0.05
 -0.93 -0.01
 -1.33 -0.05
 -1.75 -0.09
 -2.14 -0.12
 -2.54 -0.16
 -2.95 -0.20
 -3.36 -0.23
 -3.77 -0.26
 -4.19 -0.29
 -4.59 -0.32
 -4.99 -0.35
 -5.39 -0.37
 -5.79 -0.40
 -6.20 -0.43
 -6.60 -0.45
 -7.01 -0.50
