SD7043L100X.DAT;1
SD7043
WAGNER/OLSEN
100K  98939.
 alpha   Cl
 -6.08 -0.34
 -5.68 -0.32
 -5.25 -0.25
 -4.86 -0.17
 -4.46 -0.12
 -4.01 -0.07
 -3.63 -0.03
 -3.20  0.02
 -2.81  0.06
 -2.39  0.11
 -1.99  0.16
 -1.57  0.21
 -1.17  0.25
 -0.76  0.30
 -0.34  0.35
  0.08  0.42
  0.49  0.47
  0.88  0.53
  1.30  0.58
  1.71  0.62
  2.12  0.67
  2.52  0.72
  2.94  0.75
  3.34  0.79
  3.76  0.83
  4.16  0.86
  4.58  0.91
  4.97  0.94
  5.38  0.97
  5.79  1.01
  6.19  1.04
  6.61  1.07
  7.00  1.09
  7.41  1.13
  7.82  1.14
  8.22  1.17
  8.63  1.20
  9.03  1.23
  9.44  1.25
  9.84  1.27
 10.25  1.30
 10.66  1.31
 11.06  1.32
 11.46  1.34
 11.85  1.34
 12.26  1.35
 12.65  1.36
 13.06  1.36
 13.46  1.36
 13.87  1.35
 14.20  1.00
 14.59  0.98
 15.00  1.05
 15.40  1.01
 15.79  1.01
 16.19  1.01
 16.62  1.04
 16.98  1.01
 17.41  1.05
 17.10  1.04
 16.72  1.00
 16.27  0.97
 15.89  0.98
 15.50  0.99
 15.10  1.02
 14.67  1.00
 14.29  1.01
 13.90  0.99
 13.51  1.02
 13.11  1.02
 12.72  1.11
 12.30  1.07
 11.90  1.00
 11.56  1.34
 11.17  1.33
 10.77  1.31
 10.36  1.29
  9.94  1.27
  9.55  1.26
  9.13  1.23
  8.72  1.21
  8.34  1.18
  7.94  1.15
  7.51  1.12
  7.12  1.09
  6.69  1.06
  6.29  1.03
  5.91  1.01
  5.49  0.97
  5.07  0.94
  4.67  0.90
  4.28  0.87
  3.85  0.83
  3.43  0.80
  3.05  0.76
  2.64  0.72
  2.24  0.69
  1.80  0.63
  1.41  0.59
  1.01  0.53
  0.59  0.48
  0.18  0.43
 -0.25  0.36
 -0.66  0.31
 -1.03  0.27
 -1.46  0.22
 -1.87  0.17
 -2.29  0.12
 -2.69  0.08
 -3.10  0.03
 -3.51 -0.02
 -3.93 -0.06
 -4.35 -0.11
 -4.76 -0.16
 -5.18 -0.22
 -5.57 -0.29
 -5.99 -0.34
