SD7032L100X.DAT;1
SD7032C  0 DEG FLAP
FRASER
100K  101186.
 alpha   Cl
 -6.06 -0.22
 -5.67 -0.18
 -5.24 -0.14
 -4.84 -0.10
 -4.44 -0.07
 -4.03 -0.03
 -3.61  0.01
 -3.22  0.06
 -2.80  0.11
 -2.38  0.17
 -1.97  0.22
 -1.57  0.27
 -1.16  0.32
 -0.72  0.38
 -0.33  0.43
  0.07  0.47
  0.48  0.51
  0.89  0.56
  1.30  0.59
  1.72  0.63
  2.12  0.67
  2.53  0.71
  2.93  0.74
  3.35  0.77
  3.76  0.82
  4.16  0.85
  4.55  0.89
  4.98  0.93
  5.38  0.95
  5.79  1.00
  6.18  1.02
  6.60  1.06
  7.00  1.08
  7.40  1.12
  7.82  1.15
  8.24  1.19
  8.63  1.21
  9.04  1.25
  9.46  1.27
  9.85  1.29
 10.24  1.29
 10.66  1.30
 11.05  1.32
 11.44  1.31
 11.85  1.31
 12.25  1.29
 12.66  1.29
 13.05  1.28
 13.45  1.26
 13.83  1.22
 14.24  1.23
 14.65  1.20
 15.02  1.19
 15.42  1.19
 15.80  0.91
 16.18  0.94
 16.57  0.93
 16.98  0.92
 17.38  0.94
 17.06  0.91
 16.69  0.91
 16.29  0.91
 15.88  0.96
 15.50  0.96
 15.08  1.00
 14.68  0.95
 14.29  0.93
 13.89  0.93
 13.49  0.91
 13.07  0.96
 12.70  1.09
 12.31  1.12
 11.96  1.30
 11.55  1.30
 11.16  1.32
 10.75  1.30
 10.35  1.29
  9.95  1.29
  9.55  1.27
  9.14  1.24
  8.74  1.22
  8.34  1.19
  7.93  1.16
  7.53  1.12
  7.11  1.09
  6.71  1.06
  6.29  1.03
  5.89  1.00
  5.49  0.97
  5.07  0.92
  4.67  0.89
  4.26  0.86
  3.85  0.82
  3.46  0.79
  3.03  0.74
  2.63  0.71
  2.23  0.68
  1.80  0.64
  1.40  0.60
  0.99  0.56
  0.58  0.52
  0.18  0.48
 -0.24  0.43
 -0.65  0.39
 -1.03  0.34
 -1.47  0.28
 -1.88  0.23
 -2.28  0.17
 -2.71  0.13
 -3.09  0.08
 -3.51  0.02
 -3.92 -0.02
 -4.32 -0.05
 -4.75 -0.10
 -5.14 -0.13
 -5.57 -0.17
 -5.97 -0.21
