SD7090L100X.DAT;1
SD7090
WATSON
100K  99709.
 alpha   Cl
 -6.10 -0.40
 -5.70 -0.37
 -5.28 -0.34
 -4.88 -0.31
 -4.50 -0.28
 -4.05 -0.25
 -3.66 -0.22
 -3.26 -0.19
 -2.85 -0.16
 -2.45 -0.12
 -2.04 -0.08
 -1.63 -0.02
 -1.22  0.05
 -0.81  0.12
 -0.39  0.19
  0.04  0.23
  0.44  0.28
  0.85  0.32
  1.25  0.35
  1.66  0.39
  2.07  0.43
  2.48  0.46
  2.89  0.50
  3.30  0.54
  3.70  0.58
  4.11  0.61
  4.52  0.65
  4.92  0.68
  5.33  0.72
  5.74  0.76
  6.14  0.79
  6.55  0.82
  6.96  0.85
  7.36  0.89
  7.77  0.90
  8.18  0.95
  8.59  0.96
  9.00  0.98
  9.40  1.01
  9.80  1.03
 10.19  1.04
 10.60  1.05
 10.95  0.81
 11.39  0.99
 11.75  0.87
 12.16  0.87
 12.56  0.85
 12.94  0.79
 13.37  0.78
 13.75  0.75
 14.15  0.78
 14.53  0.71
 14.94  0.76
 15.34  0.75
 15.73  0.78
 16.15  0.78
 16.53  0.77
 16.95  0.79
 17.36  0.81
 17.04  0.78
 16.62  0.74
 16.25  0.77
 15.84  0.74
 15.44  0.75
 15.04  0.75
 14.63  0.72
 14.25  0.70
 13.85  0.77
 13.44  0.77
 13.03  0.73
 12.66  0.82
 12.26  0.87
 11.85  0.83
 11.48  1.03
 11.08  0.93
 10.70  1.04
 10.31  1.04
  9.90  1.02
  9.49  1.00
  9.09  0.98
  8.69  0.96
  8.27  0.93
  7.87  0.92
  7.47  0.89
  7.05  0.85
  6.65  0.83
  6.26  0.79
  5.84  0.76
  5.45  0.72
  5.04  0.69
  4.63  0.65
  4.22  0.62
  3.81  0.58
  3.41  0.54
  2.99  0.51
  2.58  0.47
  2.18  0.44
  1.77  0.39
  1.37  0.36
  0.95  0.32
  0.55  0.29
  0.15  0.25
 -0.27  0.20
 -0.69  0.14
 -1.10  0.06
 -1.51 -0.01
 -1.93 -0.07
 -2.34 -0.12
 -2.75 -0.15
 -3.16 -0.19
 -3.56 -0.22
 -3.98 -0.25
 -4.37 -0.28
 -4.79 -0.30
 -5.18 -0.34
 -5.60 -0.37
 -6.01 -0.39
