SD7084L100X.DAT;1
SD7084
ALLEN
100K  100579.
 alpha   Cl
 -6.11 -0.40
 -5.69 -0.37
 -5.27 -0.34
 -4.88 -0.31
 -4.48 -0.29
 -4.07 -0.26
 -3.68 -0.23
 -3.27 -0.20
 -2.85 -0.16
 -2.45 -0.13
 -2.04 -0.09
 -1.62 -0.06
 -1.22 -0.02
 -0.82  0.03
 -0.40  0.07
  0.00  0.13
  0.43  0.22
  0.85  0.29
  1.26  0.37
  1.67  0.42
  2.08  0.46
  2.49  0.50
  2.89  0.53
  3.31  0.56
  3.71  0.60
  4.12  0.63
  4.53  0.66
  4.93  0.70
  5.33  0.73
  5.74  0.77
  6.15  0.80
  6.56  0.84
  6.97  0.87
  7.37  0.90
  7.78  0.93
  8.19  0.97
  8.58  1.00
  9.00  1.04
  9.39  1.06
  9.80  1.07
 10.22  1.08
 10.61  1.08
 11.01  1.08
 11.41  1.09
 11.81  1.09
 12.20  1.07
 12.62  1.09
 13.01  1.06
 13.41  1.07
 13.77  0.90
 14.17  0.91
 14.57  0.90
 14.97  0.90
 15.36  0.84
 15.74  0.83
 16.17  0.89
 16.56  0.86
 16.95  0.83
 17.35  0.82
 17.06  0.83
 16.68  0.83
 16.27  0.85
 15.87  0.90
 15.48  0.87
 15.05  0.85
 14.66  0.90
 14.27  0.89
 13.87  0.95
 13.47  0.87
 13.07  0.92
 12.72  1.07
 12.31  1.10
 11.91  1.09
 11.51  1.09
 11.11  1.09
 10.71  1.09
 10.31  1.09
  9.91  1.07
  9.51  1.06
  9.10  1.05
  8.68  1.01
  8.30  0.98
  7.88  0.95
  7.48  0.91
  7.07  0.88
  6.67  0.85
  6.25  0.81
  5.85  0.78
  5.44  0.74
  5.04  0.72
  4.62  0.67
  4.21  0.64
  3.81  0.61
  3.41  0.57
  3.00  0.54
  2.59  0.50
  2.17  0.46
  1.78  0.42
  1.37  0.37
  0.95  0.30
  0.53  0.24
  0.12  0.16
 -0.28  0.09
 -0.70  0.04
 -1.12 -0.02
 -1.53 -0.05
 -1.95 -0.09
 -2.33 -0.12
 -2.74 -0.15
 -3.15 -0.19
 -3.56 -0.22
 -3.98 -0.26
 -4.36 -0.28
 -4.79 -0.31
 -5.18 -0.33
 -5.60 -0.36
 -6.00 -0.39
