SD7043L60X.DAT;1
SD7043
WAGNER/OLSEN
60K  59735.
 alpha   Cl
 -6.09 -0.32
 -5.68 -0.29
 -5.27 -0.26
 -4.85 -0.20
 -4.44 -0.14
 -4.04 -0.10
 -3.63 -0.05
 -3.21 -0.02
 -2.82  0.02
 -2.41  0.06
 -2.00  0.10
 -1.58  0.15
 -1.16  0.18
 -0.79  0.21
 -0.39  0.25
  0.04  0.29
  0.48  0.35
  0.85  0.38
  1.29  0.44
  1.69  0.50
  2.10  0.57
  2.51  0.63
  2.92  0.68
  3.33  0.73
  3.74  0.78
  4.17  0.83
  4.57  0.86
  4.96  0.90
  5.38  0.93
  5.80  0.96
  6.19  0.99
  6.59  1.03
  6.99  1.04
  7.40  1.07
  7.80  1.10
  8.22  1.13
  8.62  1.13
  9.02  1.15
  9.43  1.20
  9.84  1.23
 10.24  1.23
 10.64  1.26
 11.06  1.27
 11.43  1.19
 11.82  1.13
 12.23  1.10
 12.60  1.01
 12.99  1.03
 13.38  0.96
 13.78  0.98
 14.21  1.01
 14.59  0.98
 15.02  1.06
 15.39  1.06
 15.78  0.98
 16.21  1.00
 16.58  1.00
 16.99  1.04
 17.38  0.97
 17.11  1.04
 16.70  1.06
 16.30  0.99
 15.91  1.01
 15.50  0.97
 15.10  1.03
 14.70  1.02
 14.32  1.02
 13.90  1.03
 13.49  0.98
 13.11  1.05
 12.71  1.04
 12.32  1.12
 11.92  1.11
 11.54  1.20
 11.13  1.14
 10.73  1.23
 10.33  1.22
  9.93  1.20
  9.54  1.19
  9.15  1.19
  8.73  1.16
  8.33  1.11
  7.91  1.10
  7.51  1.07
  7.10  1.04
  6.70  1.01
  6.29  0.98
  5.88  0.95
  5.47  0.92
  5.07  0.89
  4.67  0.85
  4.25  0.81
  3.84  0.78
  3.43  0.75
  3.03  0.70
  2.63  0.64
  2.22  0.59
  1.78  0.51
  1.38  0.45
  0.97  0.39
  0.55  0.34
  0.15  0.29
 -0.26  0.25
 -0.67  0.21
 -1.07  0.18
 -1.48  0.15
 -1.89  0.11
 -2.29  0.08
 -2.71  0.03
 -3.12 -0.02
 -3.54 -0.05
 -3.93 -0.08
 -4.34 -0.14
 -4.75 -0.18
 -5.16 -0.23
 -5.58 -0.28
 -6.00 -0.31
