SD7090L60X.DAT;1
SD7090
WATSON
60K  61000.
 alpha   Cl
 -6.10 -0.39
 -5.71 -0.36
 -5.29 -0.33
 -4.88 -0.30
 -4.48 -0.28
 -4.07 -0.24
 -3.66 -0.22
 -3.25 -0.20
 -2.85 -0.16
 -2.45 -0.13
 -2.04 -0.09
 -1.63 -0.06
 -1.23 -0.03
 -0.81  0.03
 -0.38  0.11
  0.04  0.20
  0.44  0.26
  0.85  0.32
  1.26  0.37
  1.66  0.40
  2.07  0.44
  2.47  0.47
  2.89  0.50
  3.28  0.53
  3.71  0.56
  4.10  0.61
  4.51  0.63
  4.91  0.64
  5.33  0.70
  5.74  0.74
  6.14  0.78
  6.55  0.81
  6.95  0.83
  7.36  0.86
  7.77  0.90
  8.16  0.90
  8.59  0.94
  8.98  0.96
  9.37  0.96
  9.79  0.96
 10.18  0.98
 10.58  1.01
 10.98  1.02
 11.39  1.02
 11.74  0.81
 12.16  0.85
 12.55  0.77
 12.94  0.80
 13.33  0.70
 13.73  0.73
 14.12  0.70
 14.53  0.77
 14.93  0.68
 15.33  0.78
 15.72  0.71
 16.14  0.73
 16.54  0.72
 16.94  0.73
 17.34  0.76
 17.05  0.78
 16.66  0.79
 16.22  0.72
 15.84  0.75
 15.44  0.75
 15.04  0.73
 14.64  0.69
 14.23  0.70
 13.85  0.72
 13.44  0.72
 13.04  0.72
 12.63  0.69
 12.27  0.86
 11.84  0.73
 11.47  0.88
 11.09  1.00
 10.68  0.97
 10.30  1.01
  9.90  0.98
  9.50  1.00
  9.10  0.98
  8.69  0.96
  8.27  0.91
  7.88  0.89
  7.47  0.90
  7.07  0.85
  6.67  0.81
  6.26  0.79
  5.84  0.77
  5.43  0.73
  5.04  0.70
  4.63  0.68
  4.22  0.63
  3.81  0.60
  3.40  0.55
  2.99  0.53
  2.59  0.51
  2.19  0.48
  1.77  0.44
  1.37  0.39
  0.96  0.36
  0.56  0.29
  0.13  0.22
 -0.28  0.16
 -0.70  0.09
 -1.10  0.05
 -1.52 -0.01
 -1.93 -0.05
 -2.35 -0.08
 -2.74 -0.11
 -3.12 -0.15
 -3.56 -0.18
 -3.97 -0.21
 -4.39 -0.25
 -4.76 -0.27
 -5.19 -0.31
 -5.58 -0.33
 -5.98 -0.36
