SD7084L80X.DAT;1
SD7084
ALLEN
80K  80516.
 alpha   Cl
 -6.11 -0.40
 -5.68 -0.37
 -5.28 -0.34
 -4.87 -0.32
 -4.47 -0.29
 -4.07 -0.26
 -3.67 -0.24
 -3.26 -0.21
 -2.86 -0.18
 -2.45 -0.14
 -2.04 -0.12
 -1.63 -0.08
 -1.22 -0.04
 -0.81  0.01
 -0.41  0.05
  0.00  0.09
  0.41  0.15
  0.83  0.22
  1.25  0.31
  1.66  0.37
  2.07  0.44
  2.50  0.48
  2.89  0.51
  3.29  0.55
  3.70  0.58
  4.11  0.61
  4.53  0.65
  4.92  0.69
  5.33  0.72
  5.74  0.74
  6.15  0.78
  6.56  0.81
  6.96  0.85
  7.37  0.88
  7.78  0.91
  8.17  0.94
  8.59  0.96
  8.99  0.99
  9.40  1.04
  9.80  1.04
 10.19  1.05
 10.61  1.06
 11.00  1.07
 11.41  1.08
 11.81  1.09
 12.21  1.09
 12.62  1.08
 12.99  1.06
 13.40  1.09
 13.77  0.91
 14.18  0.91
 14.57  0.95
 14.97  0.84
 15.37  0.86
 15.75  0.84
 16.17  0.88
 16.55  0.88
 16.97  0.86
 17.37  0.85
 17.06  0.87
 16.67  0.82
 16.26  0.84
 15.85  0.90
 15.46  0.82
 15.06  0.82
 14.64  0.84
 14.28  0.88
 13.89  0.91
 13.48  0.88
 13.11  1.07
 12.71  1.06
 12.30  1.08
 11.91  1.08
 11.51  1.07
 11.11  1.07
 10.71  1.07
 10.31  1.06
  9.92  1.05
  9.50  1.04
  9.08  1.01
  8.69  0.97
  8.28  0.95
  7.88  0.91
  7.47  0.88
  7.07  0.85
  6.67  0.82
  6.24  0.79
  5.85  0.76
  5.44  0.73
  5.03  0.69
  4.63  0.66
  4.22  0.63
  3.80  0.59
  3.40  0.56
  2.99  0.52
  2.59  0.49
  2.18  0.45
  1.77  0.39
  1.36  0.32
  0.93  0.25
  0.51  0.16
  0.10  0.11
 -0.29  0.07
 -0.71  0.03
 -1.12 -0.01
 -1.54 -0.05
 -1.94 -0.09
 -2.33 -0.13
 -2.74 -0.16
 -3.15 -0.19
 -3.56 -0.22
 -3.97 -0.25
 -4.37 -0.28
 -4.77 -0.30
 -5.18 -0.33
 -5.59 -0.35
 -6.00 -0.38
