SD7032L60X.DAT;1
SD7032C  0 DEG FLAP
FRASER
60K  61942.
 alpha   Cl
 -6.08 -0.27
 -5.66 -0.24
 -5.26 -0.18
 -4.84 -0.15
 -4.43 -0.11
 -4.03 -0.08
 -3.63 -0.03
 -3.20  0.01
 -2.80  0.05
 -2.40  0.09
 -1.99  0.13
 -1.58  0.17
 -1.20  0.21
 -0.76  0.28
 -0.34  0.36
  0.07  0.42
  0.48  0.47
  0.89  0.53
  1.31  0.58
  1.71  0.62
  2.10  0.66
  2.53  0.68
  2.94  0.73
  3.34  0.75
  3.75  0.79
  4.16  0.82
  4.57  0.87
  4.97  0.90
  5.38  0.92
  5.77  0.96
  6.19  1.00
  6.58  1.01
  7.00  1.07
  7.40  1.08
  7.80  1.09
  8.21  1.15
  8.63  1.15
  9.03  1.18
  9.44  1.21
  9.83  1.22
 10.24  1.25
 10.65  1.26
 11.04  1.26
 11.46  1.27
 11.85  1.26
 12.25  1.27
 12.59  1.07
 12.95  0.86
 13.36  0.86
 13.77  0.88
 14.18  0.89
 14.57  0.86
 14.96  0.83
 15.37  0.91
 15.78  0.92
 16.17  0.87
 16.57  0.86
 16.96  0.88
 17.37  0.88
 17.07  0.88
 16.68  0.89
 16.26  0.88
 15.88  0.90
 15.48  0.87
 15.07  0.87
 14.67  0.85
 14.26  0.80
 13.86  0.89
 13.47  0.93
 13.07  0.87
 12.66  0.87
 12.28  0.94
 11.87  0.92
 11.50  1.06
 11.08  0.90
 10.76  1.25
 10.34  1.22
  9.94  1.23
  9.54  1.20
  9.13  1.18
  8.74  1.18
  8.33  1.15
  7.91  1.11
  7.50  1.08
  7.12  1.07
  6.69  1.02
  6.30  1.00
  5.88  0.97
  5.48  0.94
  5.07  0.90
  4.66  0.87
  4.25  0.85
  3.86  0.80
  3.45  0.76
  3.04  0.72
  2.64  0.70
  2.22  0.66
  1.82  0.61
  1.41  0.57
  1.00  0.53
  0.58  0.45
  0.17  0.41
 -0.23  0.36
 -0.65  0.30
 -1.06  0.23
 -1.48  0.16
 -1.91  0.12
 -2.31  0.09
 -2.70  0.05
 -3.11  0.01
 -3.54 -0.04
 -3.93 -0.08
 -4.35 -0.12
 -4.76 -0.16
 -5.17 -0.19
 -5.57 -0.24
 -5.98 -0.28
