SD7080L60X.DAT;1
SD7080
ILLICK
60K  58670.
 alpha   Cl
 -6.11 -0.42
 -5.69 -0.40
 -5.30 -0.35
 -4.88 -0.34
 -4.48 -0.31
 -4.07 -0.28
 -3.67 -0.26
 -3.27 -0.23
 -2.85 -0.20
 -2.46 -0.17
 -2.04 -0.13
 -1.64 -0.10
 -1.21 -0.06
 -0.84 -0.03
 -0.39  0.02
 -0.02  0.06
  0.41  0.11
  0.82  0.16
  1.23  0.26
  1.63  0.31
  2.06  0.36
  2.46  0.42
  2.87  0.46
  3.29  0.49
  3.68  0.51
  4.09  0.56
  4.50  0.59
  4.90  0.63
  5.32  0.67
  5.74  0.70
  6.13  0.73
  6.54  0.76
  6.95  0.80
  7.35  0.83
  7.75  0.86
  8.17  0.88
  8.58  0.90
  8.98  0.91
  9.37  0.93
  9.78  0.96
 10.19  0.98
 10.58  0.95
 11.00  0.99
 11.38  0.96
 11.79  0.95
 12.20  1.05
 12.58  0.96
 12.97  0.90
 13.37  0.95
 13.76  0.89
 14.17  0.90
 14.56  0.85
 14.98  0.90
 15.37  0.86
 15.74  0.77
 16.15  0.82
 16.56  0.80
 16.93  0.78
 17.34  0.78
 17.07  0.81
 16.66  0.78
 16.23  0.78
 15.85  0.80
 15.48  0.86
 15.04  0.86
 14.68  0.99
 14.29  0.91
 13.87  0.95
 13.47  0.92
 13.08  0.94
 12.69  0.96
 12.29  0.96
 11.89  1.01
 11.50  0.98
 11.10  0.99
 10.70  1.00
 10.30  0.98
  9.89  0.97
  9.46  0.92
  9.08  0.91
  8.66  0.90
  8.26  0.86
  7.87  0.84
  7.45  0.81
  7.05  0.80
  6.64  0.76
  6.23  0.73
  5.83  0.70
  5.41  0.68
  5.00  0.63
  4.61  0.61
  4.19  0.57
  3.79  0.54
  3.41  0.50
  2.99  0.46
  2.57  0.43
  2.16  0.37
  1.75  0.29
  1.32  0.24
  0.94  0.15
  0.52  0.11
  0.12  0.05
 -0.32  0.00
 -0.73 -0.03
 -1.13 -0.06
 -1.53 -0.10
 -1.94 -0.13
 -2.34 -0.16
 -2.75 -0.20
 -3.16 -0.22
 -3.57 -0.25
 -3.97 -0.28
 -4.39 -0.31
 -4.78 -0.34
 -5.17 -0.37
 -5.59 -0.41
 -6.00 -0.45
