SD7043L80X.DAT;1
SD7043
WAGNER/OLSEN
80K  78828.
 alpha   Cl
 -6.09 -0.33
 -5.69 -0.30
 -5.27 -0.26
 -4.86 -0.18
 -4.44 -0.13
 -4.03 -0.09
 -3.64 -0.05
 -3.20  0.00
 -2.80  0.05
 -2.40  0.09
 -1.99  0.13
 -1.60  0.16
 -1.18  0.21
 -0.76  0.25
 -0.36  0.31
  0.07  0.35
  0.46  0.42
  0.87  0.47
  1.29  0.52
  1.72  0.59
  2.11  0.64
  2.52  0.69
  2.93  0.74
  3.34  0.78
  3.76  0.82
  4.18  0.86
  4.56  0.87
  4.98  0.92
  5.38  0.96
  5.80  0.99
  6.19  1.02
  6.61  1.05
  6.99  1.07
  7.41  1.10
  7.82  1.14
  8.22  1.16
  8.63  1.19
  9.04  1.21
  9.46  1.24
  9.85  1.26
 10.24  1.28
 10.66  1.28
 11.05  1.31
 11.45  1.32
 11.85  1.33
 12.26  1.33
 12.66  1.32
 13.02  1.14
 13.39  1.04
 13.76  0.99
 14.18  0.98
 14.60  0.99
 15.00  1.04
 15.39  1.02
 15.81  0.99
 16.18  1.00
 16.59  1.03
 17.00  1.06
 17.37  0.95
 17.09  0.97
 16.71  1.01
 16.30  1.04
 15.89  1.03
 15.48  1.02
 15.09  0.98
 14.68  0.95
 14.28  0.99
 13.91  1.03
 13.51  1.01
 13.11  1.03
 12.70  1.03
 12.28  0.96
 11.94  1.23
 11.56  1.28
 11.16  1.30
 10.76  1.29
 10.35  1.27
  9.95  1.24
  9.53  1.23
  9.14  1.20
  8.72  1.18
  8.33  1.15
  7.91  1.13
  7.52  1.10
  7.11  1.07
  6.69  1.05
  6.30  1.02
  5.90  0.98
  5.48  0.95
  5.08  0.92
  4.67  0.88
  4.26  0.86
  3.85  0.81
  3.44  0.78
  3.04  0.74
  2.63  0.71
  2.23  0.65
  1.81  0.59
  1.41  0.53
  0.98  0.48
  0.58  0.42
  0.17  0.37
 -0.26  0.31
 -0.67  0.26
 -1.06  0.20
 -1.49  0.17
 -1.89  0.13
 -2.29  0.09
 -2.70  0.05
 -3.12  0.01
 -3.51 -0.03
 -3.91 -0.08
 -4.36 -0.13
 -4.74 -0.17
 -5.16 -0.23
 -5.58 -0.30
 -5.98 -0.32
