SD7003L60X.DAT;2
SD7003
ALLEN
60K  58713.
 alpha   Cl
 -6.11 -0.47
 -5.71 -0.46
 -5.30 -0.42
 -4.88 -0.38
 -4.50 -0.34
 -4.10 -0.30
 -3.67 -0.26
 -3.26 -0.21
 -2.86 -0.19
 -2.45 -0.18
 -2.04 -0.14
 -1.64 -0.12
 -1.23 -0.07
 -0.82 -0.03
 -0.40  0.02
 -0.01  0.05
  0.41  0.09
  0.82  0.13
  1.23  0.18
  1.64  0.22
  2.04  0.29
  2.45  0.27
  2.85  0.28
  3.25  0.35
  3.67  0.42
  4.09  0.49
  4.50  0.53
  4.90  0.57
  5.31  0.59
  5.70  0.62
  6.12  0.65
  6.53  0.68
  6.93  0.72
  7.34  0.76
  7.76  0.81
  8.16  0.83
  8.58  0.90
  8.98  0.90
  9.38  0.88
  9.77  0.91
 10.17  0.94
 10.58  0.96
 10.98  0.95
 11.37  0.93
 11.79  0.96
 12.17  0.95
 12.57  0.91
 12.97  0.88
 13.36  0.84
 13.76  0.83
 14.16  0.84
 14.56  0.87
 14.97  0.88
 15.36  0.88
 15.76  0.85
 16.17  0.90
 16.58  0.92
 16.95  0.86
 17.37  0.88
 17.05  0.87
 16.66  0.87
 16.27  0.91
 15.86  0.87
 15.47  0.88
 15.07  0.90
 14.67  0.87
 14.27  0.87
 13.86  0.84
 13.47  0.86
 13.07  0.92
 12.67  0.86
 12.28  0.89
 11.88  0.96
 11.47  0.93
 11.08  0.91
 10.68  0.96
 10.28  0.97
  9.88  0.94
  9.48  0.93
  9.07  0.91
  8.67  0.88
  8.25  0.83
  7.86  0.82
  7.45  0.80
  7.05  0.76
  6.62  0.72
  6.23  0.71
  5.83  0.69
  5.42  0.68
  5.03  0.62
  4.60  0.59
  4.20  0.56
  3.80  0.54
  3.39  0.51
  2.98  0.49
  2.58  0.44
  2.17  0.39
  1.76  0.32
  1.35  0.27
  0.93  0.22
  0.52  0.16
  0.11  0.11
 -0.30  0.05
 -0.71  0.00
 -1.11 -0.03
 -1.52 -0.07
 -1.93 -0.10
 -2.33 -0.12
 -2.74 -0.15
 -3.17 -0.21
 -3.56 -0.23
 -3.96 -0.28
 -4.38 -0.34
 -4.78 -0.36
 -5.20 -0.39
 -5.61 -0.41
 -6.00 -0.42
