SD7080L100X.DAT;1
SD7080
ILLICK
100K  101979.
 alpha   Cl
 -7.14 -0.50
 -6.72 -0.47
 -6.31 -0.43
 -5.90 -0.40
 -5.51 -0.38
 -5.08 -0.35
 -4.70 -0.33
 -4.26 -0.30
 -3.88 -0.26
 -3.46 -0.23
 -3.06 -0.18
 -2.65 -0.14
 -2.24 -0.10
 -1.84 -0.05
 -1.40  0.00
 -1.00  0.06
 -0.59  0.12
 -0.19  0.19
  0.24  0.24
  0.65  0.29
  1.03  0.33
  1.46  0.37
  1.85  0.41
  2.27  0.44
  2.68  0.47
  3.08  0.50
  3.49  0.55
  3.92  0.59
  4.30  0.63
  4.71  0.65
  5.13  0.70
  5.54  0.72
  5.94  0.76
  6.36  0.80
  6.74  0.82
  7.16  0.86
  7.57  0.88
  7.98  0.93
  8.38  0.95
  8.79  0.98
  9.19  0.99
  9.60  1.01
  9.99  1.01
 10.38  1.03
 10.79  1.04
 11.20  1.04
 11.59  1.05
 12.01  1.06
 12.40  1.05
 12.80  1.05
 13.20  1.04
 13.61  1.14
 13.97  0.88
 14.36  0.94
 14.74  0.85
 15.16  0.92
 15.60  0.88
 15.98  0.92
 16.38  0.90
 16.77  0.85
 17.14  0.84
 17.58  0.84
 17.97  0.86
 18.37  0.90
 18.76  0.86
 19.18  0.87
 19.20  0.87
 18.87  0.83
 18.46  0.83
 18.06  0.82
 17.65  0.84
 17.24  0.86
 16.85  0.85
 16.46  0.85
 16.05  0.85
 15.64  0.84
 15.28  0.87
 14.87  0.84
 14.48  1.03
 14.10  1.06
 13.62  0.96
 13.29  0.99
 12.91  1.05
 12.51  1.05
 12.12  1.05
 11.71  1.04
 11.31  1.04
 10.91  1.03
 10.49  1.01
 10.11  1.00
  9.70  1.00
  9.30  0.99
  8.89  0.98
  8.50  0.96
  8.08  0.94
  7.67  0.91
  7.26  0.87
  6.85  0.83
  6.44  0.79
  6.05  0.76
  5.63  0.73
  5.22  0.70
  4.82  0.66
  4.41  0.62
  4.01  0.59
  3.59  0.55
  3.18  0.51
  2.77  0.47
  2.39  0.44
  1.98  0.40
  1.57  0.37
  1.16  0.34
  0.76  0.30
  0.34  0.25
 -0.09  0.20
 -0.49  0.14
 -0.90  0.08
 -1.31  0.01
 -1.72 -0.05
 -2.13 -0.09
 -2.56 -0.13
 -2.94 -0.17
 -3.34 -0.21
 -3.77 -0.25
 -4.17 -0.29
 -4.58 -0.31
 -4.97 -0.35
 -5.38 -0.37
 -5.80 -0.40
 -6.19 -0.43
 -6.61 -0.46
 -7.01 -0.46
