SD7003L100X.DAT;2
SD7003
ALLEN
100K  104113.
 alpha   Cl
 -6.13 -0.50
 -5.72 -0.47
 -5.31 -0.44
 -4.90 -0.40
 -4.48 -0.36
 -4.09 -0.32
 -3.67 -0.28
 -3.27 -0.23
 -2.85 -0.19
 -2.45 -0.15
 -2.04 -0.12
 -1.65 -0.09
 -1.22 -0.05
 -0.82 -0.03
 -0.42  0.02
  0.00  0.07
  0.41  0.13
  0.82  0.19
  1.25  0.26
  1.65  0.31
  2.06  0.35
  2.47  0.39
  2.87  0.42
  3.28  0.46
  3.70  0.49
  4.09  0.53
  4.50  0.58
  4.92  0.62
  5.33  0.66
  5.72  0.70
  6.14  0.74
  6.56  0.78
  6.96  0.83
  7.36  0.86
  7.77  0.89
  8.17  0.93
  8.59  0.97
  9.00  0.98
  9.40  1.00
  9.79  1.02
 10.19  1.00
 10.58  0.92
 10.99  1.03
 11.38  0.93
 11.77  0.91
 12.17  0.91
 12.57  0.88
 12.98  0.90
 13.37  0.89
 13.78  0.91
 14.18  0.92
 14.57  0.91
 14.96  0.87
 15.37  0.89
 15.77  0.88
 16.17  0.89
 16.55  0.87
 16.97  0.85
 17.38  0.91
 17.07  0.91
 16.68  0.91
 16.27  0.92
 15.87  0.91
 15.46  0.87
 15.07  0.86
 14.67  0.93
 14.28  0.91
 13.86  0.86
 13.47  0.91
 13.07  0.90
 12.65  0.85
 12.26  0.90
 11.88  0.93
 11.51  0.99
 11.08  1.01
 10.71  1.05
 10.30  1.04
  9.91  1.02
  9.50  1.00
  9.09  0.98
  8.68  0.94
  8.28  0.91
  7.87  0.89
  7.47  0.86
  7.06  0.83
  6.64  0.79
  6.24  0.76
  5.84  0.72
  5.43  0.68
  5.01  0.63
  4.60  0.58
  4.20  0.55
  3.78  0.51
  3.38  0.47
  2.98  0.43
  2.57  0.41
  2.16  0.37
  1.76  0.34
  1.36  0.30
  0.94  0.24
  0.53  0.17
  0.11  0.10
 -0.30  0.05
 -0.71  0.00
 -1.12 -0.03
 -1.52 -0.05
 -1.95 -0.09
 -2.35 -0.13
 -2.74 -0.16
 -3.17 -0.21
 -3.56 -0.24
 -3.97 -0.27
 -4.38 -0.31
 -4.81 -0.35
 -5.19 -0.39
 -5.59 -0.43
 -6.02 -0.48
