SD8020L80X.DAT;1
SD8020
WAGNER/OLSEN
80K  80630.
 alpha   Cl
 -6.14 -0.57
 -5.73 -0.53
 -5.33 -0.51
 -4.92 -0.46
 -4.51 -0.43
 -4.09 -0.40
 -3.67 -0.36
 -3.29 -0.34
 -2.87 -0.32
 -2.48 -0.28
 -2.07 -0.24
 -1.66 -0.17
 -1.24 -0.09
 -0.83 -0.06
 -0.42 -0.02
 -0.01  0.02
  0.38  0.04
  0.80  0.06
  1.20  0.10
  1.63  0.17
  2.04  0.23
  2.43  0.26
  2.85  0.31
  3.25  0.35
  3.67  0.39
  4.08  0.41
  4.48  0.45
  4.89  0.48
  5.30  0.52
  5.69  0.53
  6.09  0.57
  6.50  0.60
  6.91  0.63
  7.32  0.65
  7.73  0.68
  8.12  0.71
  8.54  0.73
  8.94  0.75
  9.35  0.75
  9.75  0.72
 10.14  0.73
 10.54  0.73
 10.95  0.86
 11.35  0.78
 11.73  0.71
 12.13  0.70
 12.53  0.74
 12.94  0.68
 13.34  0.75
 13.72  0.66
 14.12  0.69
 14.53  0.72
 14.92  0.68
 15.33  0.75
 15.73  0.72
 16.13  0.70
 16.53  0.68
 16.94  0.72
 17.32  0.70
 17.04  0.70
 16.62  0.68
 16.25  0.76
 15.84  0.71
 15.44  0.69
 15.03  0.70
 14.63  0.70
 14.23  0.68
 13.83  0.66
 13.44  0.71
 13.04  0.69
 12.66  0.74
 12.24  0.70
 11.84  0.74
 11.44  0.79
 11.07  0.85
 10.64  0.76
 10.24  0.75
  9.84  0.77
  9.44  0.77
  9.04  0.76
  8.63  0.74
  8.23  0.71
  7.83  0.69
  7.42  0.66
  7.02  0.63
  6.62  0.60
  6.21  0.58
  5.81  0.56
  5.40  0.53
  4.99  0.49
  4.57  0.45
  4.18  0.41
  3.77  0.38
  3.36  0.34
  2.96  0.31
  2.54  0.27
  2.14  0.23
  1.73  0.19
  1.32  0.12
  0.90  0.07
  0.50  0.02
  0.09  0.00
 -0.33 -0.02
 -0.72 -0.03
 -1.14 -0.09
 -1.53 -0.15
 -1.95 -0.21
 -2.37 -0.25
 -2.78 -0.29
 -3.17 -0.32
 -3.59 -0.36
 -3.99 -0.40
 -4.40 -0.43
 -4.81 -0.47
 -5.21 -0.50
 -5.63 -0.53
 -6.03 -0.56
