SD8000L60X.DAT;1
SD8000
WAGNER/OLSEN
60K  60113.
 alpha   Cl
 -6.09 -0.34
 -5.67 -0.31
 -5.27 -0.29
 -4.85 -0.25
 -4.46 -0.21
 -4.05 -0.18
 -3.65 -0.15
 -3.25 -0.11
 -2.83 -0.09
 -2.42 -0.05
 -2.03 -0.02
 -1.61  0.01
 -1.21  0.06
 -0.80  0.10
 -0.38  0.14
  0.02  0.18
  0.43  0.22
  0.85  0.30
  1.27  0.37
  1.68  0.45
  2.07  0.49
  2.48  0.52
  2.89  0.58
  3.29  0.59
  3.71  0.63
  4.13  0.68
  4.54  0.70
  4.94  0.75
  5.35  0.77
  5.74  0.80
  6.15  0.82
  6.56  0.87
  6.97  0.88
  7.37  0.91
  7.78  0.93
  8.19  0.98
  8.57  0.98
  8.98  0.99
  9.39  1.02
  9.79  1.03
 10.19  1.02
 10.55  0.88
 10.95  0.82
 11.36  0.91
 11.74  0.79
 12.16  0.85
 12.55  0.79
 12.95  0.80
 13.36  0.82
 13.76  0.80
 14.16  0.86
 14.56  0.84
 14.98  0.95
 15.35  0.81
 15.75  0.81
 16.16  0.82
 16.55  0.80
 16.97  0.87
 17.36  0.87
 17.08  0.90
 16.64  0.80
 16.26  0.84
 15.87  0.84
 15.47  0.86
 15.06  0.84
 14.66  0.81
 14.27  0.87
 13.85  0.81
 13.46  0.84
 13.05  0.76
 12.65  0.80
 12.25  0.82
 11.86  0.85
 11.45  0.86
 11.06  0.85
 10.68  0.95
 10.31  1.00
  9.90  1.04
  9.51  1.04
  9.10  1.00
  8.70  0.98
  8.29  0.99
  7.89  0.95
  7.48  0.92
  7.08  0.89
  6.66  0.87
  6.26  0.86
  5.85  0.82
  5.46  0.79
  5.05  0.75
  4.63  0.73
  4.21  0.69
  3.83  0.66
  3.41  0.63
  3.00  0.58
  2.60  0.54
  2.20  0.51
  1.78  0.46
  1.38  0.40
  0.95  0.31
  0.56  0.25
  0.13  0.21
 -0.28  0.17
 -0.70  0.12
 -1.09  0.09
 -1.51  0.03
 -1.90  0.00
 -2.32 -0.04
 -2.73 -0.07
 -3.14 -0.09
 -3.54 -0.13
 -3.94 -0.15
 -4.34 -0.19
 -4.75 -0.22
 -5.17 -0.26
 -5.58 -0.29
 -5.98 -0.33
