SD8000L100X.DAT;1
SD8000
WAGNER/OLSEN
100K  101595.
 alpha   Cl
 -6.10 -0.33
 -5.69 -0.30
 -5.25 -0.27
 -4.88 -0.24
 -4.46 -0.20
 -4.05 -0.17
 -3.65 -0.12
 -3.25 -0.10
 -2.83 -0.06
 -2.43 -0.03
 -2.03  0.01
 -1.62  0.05
 -1.19  0.09
 -0.80  0.12
 -0.39  0.17
  0.04  0.24
  0.44  0.31
  0.86  0.38
  1.27  0.44
  1.69  0.49
  2.10  0.52
  2.50  0.56
  2.91  0.60
  3.31  0.64
  3.71  0.67
  4.14  0.71
  4.53  0.74
  4.94  0.78
  5.35  0.81
  5.75  0.84
  6.16  0.87
  6.57  0.90
  6.98  0.93
  7.39  0.96
  7.78  0.99
  8.20  1.02
  8.60  1.04
  8.99  1.07
  9.42  1.08
  9.82  1.09
 10.21  1.10
 10.62  1.12
 10.98  1.02
 11.38  0.94
 11.80  1.07
 12.18  0.94
 12.56  0.86
 12.97  0.88
 13.36  0.89
 13.76  0.85
 14.16  0.86
 14.55  0.84
 14.98  0.88
 15.38  0.88
 15.74  0.81
 16.16  0.85
 16.56  0.84
 16.97  0.88
 17.37  0.85
 17.07  0.89
 16.69  0.91
 16.27  0.88
 15.86  0.85
 15.48  0.86
 15.07  0.88
 14.67  0.84
 14.26  0.85
 13.87  0.89
 13.49  0.91
 13.07  0.91
 12.67  0.88
 12.29  0.94
 11.87  0.97
 11.51  1.12
 11.09  0.95
 10.71  1.04
 10.31  1.11
  9.93  1.11
  9.51  1.09
  9.10  1.07
  8.70  1.05
  8.30  1.03
  7.89  1.00
  7.49  0.98
  7.08  0.95
  6.69  0.91
  6.26  0.89
  5.87  0.85
  5.47  0.82
  5.06  0.79
  4.64  0.75
  4.24  0.72
  3.83  0.68
  3.42  0.65
  3.00  0.61
  2.61  0.58
  2.19  0.54
  1.77  0.50
  1.39  0.46
  0.97  0.40
  0.56  0.33
  0.13  0.26
 -0.26  0.19
 -0.69  0.14
 -1.08  0.10
 -1.50  0.06
 -1.92  0.02
 -2.31 -0.01
 -2.71 -0.05
 -3.14 -0.08
 -3.53 -0.12
 -3.93 -0.15
 -4.36 -0.19
 -4.78 -0.23
 -5.16 -0.26
 -5.59 -0.30
 -5.97 -0.33
