SD8000L80X.DAT;1
SD8000
WAGNER/OLSEN
80K  80397.
 alpha   Cl
 -6.10 -0.37
 -5.69 -0.34
 -5.30 -0.31
 -4.87 -0.27
 -4.48 -0.24
 -4.06 -0.20
 -3.64 -0.16
 -3.24 -0.13
 -2.84 -0.09
 -2.43 -0.06
 -2.02 -0.03
 -1.62  0.01
 -1.21  0.05
 -0.80  0.09
 -0.38  0.13
  0.03  0.17
  0.43  0.23
  0.84  0.31
  1.26  0.39
  1.69  0.46
  2.09  0.49
  2.48  0.53
  2.89  0.57
  3.31  0.59
  3.72  0.63
  4.11  0.67
  4.52  0.71
  4.94  0.74
  5.36  0.77
  5.75  0.80
  6.16  0.84
  6.55  0.86
  6.97  0.89
  7.39  0.92
  7.77  0.94
  8.18  0.97
  8.60  0.99
  8.98  1.01
  9.40  1.03
  9.80  1.03
 10.21  1.04
 10.58  1.01
 11.00  0.99
 11.38  0.98
 11.79  0.93
 12.15  0.86
 12.56  0.85
 12.96  0.84
 13.36  0.85
 13.77  0.91
 14.18  0.92
 14.56  0.91
 14.95  0.85
 15.36  0.86
 15.77  0.88
 16.17  0.84
 16.56  0.85
 16.95  0.87
 17.36  0.85
 17.07  0.86
 16.67  0.82
 16.28  0.86
 15.87  0.89
 15.49  0.90
 15.07  0.85
 14.66  0.86
 14.26  0.83
 13.86  0.88
 13.47  0.88
 13.09  0.93
 12.65  0.88
 12.28  0.88
 11.88  0.94
 11.50  1.00
 11.09  0.95
 10.69  1.03
 10.31  1.05
  9.91  1.05
  9.51  1.04
  9.09  1.02
  8.70  1.00
  8.28  0.99
  7.87  0.95
  7.49  0.94
  7.08  0.90
  6.66  0.86
  6.25  0.84
  5.86  0.81
  5.45  0.78
  5.05  0.75
  4.64  0.72
  4.24  0.68
  3.83  0.63
  3.40  0.59
  2.99  0.56
  2.59  0.54
  2.20  0.51
  1.79  0.47
  1.36  0.41
  0.96  0.33
  0.54  0.26
  0.14  0.20
 -0.28  0.15
 -0.70  0.11
 -1.10  0.07
 -1.51  0.03
 -1.91 -0.01
 -2.33 -0.04
 -2.73 -0.07
 -3.15 -0.11
 -3.55 -0.14
 -3.96 -0.18
 -4.35 -0.21
 -4.76 -0.25
 -5.19 -0.29
 -5.57 -0.32
 -6.01 -0.34
