SD8020L60X.DAT;1
SD8020
WAGNER/OLSEN
60K  59089.
 alpha   Cl
 -6.13 -0.54
 -5.74 -0.53
 -5.33 -0.48
 -4.92 -0.46
 -4.50 -0.42
 -4.09 -0.38
 -3.69 -0.35
 -3.28 -0.31
 -2.87 -0.25
 -2.46 -0.20
 -2.05 -0.16
 -1.64 -0.11
 -1.23 -0.05
 -0.82 -0.03
 -0.42  0.01
 -0.01  0.02
  0.38  0.05
  0.79  0.08
  1.20  0.11
  1.61  0.14
  2.02  0.21
  2.43  0.25
  2.83  0.29
  3.27  0.34
  3.65  0.38
  4.08  0.43
  4.48  0.44
  4.88  0.48
  5.29  0.50
  5.70  0.53
  6.10  0.58
  6.49  0.55
  6.91  0.60
  7.31  0.64
  7.72  0.67
  8.12  0.65
  8.55  0.79
  8.93  0.70
  9.31  0.64
  9.73  0.71
 10.13  0.73
 10.55  0.78
 10.94  0.74
 11.32  0.65
 11.76  0.78
 12.13  0.67
 12.53  0.69
 12.92  0.68
 13.31  0.64
 13.73  0.70
 14.13  0.67
 14.51  0.66
 14.91  0.62
 15.32  0.70
 15.71  0.63
 16.13  0.69
 16.52  0.64
 16.91  0.65
 17.32  0.68
 17.02  0.67
 16.64  0.67
 16.22  0.70
 15.82  0.65
 15.43  0.65
 15.03  0.65
 14.64  0.73
 14.23  0.72
 13.82  0.67
 13.43  0.69
 13.04  0.71
 12.64  0.73
 12.25  0.76
 11.83  0.69
 11.42  0.71
 11.03  0.70
 10.64  0.74
 10.24  0.72
  9.84  0.73
  9.45  0.75
  9.04  0.76
  8.63  0.73
  8.24  0.71
  7.84  0.69
  7.42  0.66
  7.02  0.63
  6.62  0.61
  6.21  0.58
  5.80  0.56
  5.39  0.53
  5.00  0.57
  4.59  0.45
  4.18  0.42
  3.77  0.39
  3.36  0.36
  2.94  0.31
  2.54  0.27
  2.14  0.21
  1.72  0.16
  1.31  0.08
  0.90  0.08
  0.51  0.09
  0.09  0.03
 -0.31 -0.01
 -0.71 -0.03
 -1.12 -0.04
 -1.55 -0.09
 -1.95 -0.13
 -2.35 -0.21
 -2.76 -0.31
 -3.17 -0.33
 -3.58 -0.34
 -3.99 -0.39
 -4.39 -0.45
 -4.82 -0.47
 -5.23 -0.49
 -5.63 -0.54
 -6.04 -0.57
