SD8020L100X.DAT;1
SD8020
WAGNER/OLSEN
100K  100340.
 alpha   Cl
 -6.16 -0.59
 -5.74 -0.56
 -5.32 -0.52
 -4.92 -0.50
 -4.52 -0.46
 -4.10 -0.42
 -3.70 -0.39
 -3.29 -0.35
 -2.88 -0.30
 -2.47 -0.27
 -2.06 -0.23
 -1.66 -0.19
 -1.25 -0.14
 -0.84 -0.08
 -0.42 -0.01
 -0.01 -0.01
  0.39  0.02
  0.80  0.05
  1.21  0.11
  1.62  0.19
  2.03  0.23
  2.43  0.27
  2.84  0.31
  3.25  0.34
  3.66  0.37
  4.05  0.40
  4.47  0.44
  4.88  0.47
  5.28  0.50
  5.69  0.54
  6.09  0.55
  6.51  0.59
  6.91  0.62
  7.33  0.65
  7.72  0.68
  8.14  0.71
  8.54  0.74
  8.95  0.77
  9.34  0.78
  9.74  0.77
 10.13  0.75
 10.53  0.75
 10.94  0.79
 11.33  0.74
 11.72  0.71
 12.15  0.74
 12.53  0.71
 12.93  0.73
 13.33  0.70
 13.72  0.72
 14.13  0.71
 14.52  0.70
 14.93  0.68
 15.32  0.73
 15.73  0.68
 16.13  0.68
 16.52  0.68
 16.93  0.67
 17.31  0.70
 17.04  0.70
 16.64  0.69
 16.24  0.66
 15.84  0.70
 15.44  0.73
 15.04  0.70
 14.64  0.70
 14.24  0.71
 13.83  0.71
 13.43  0.73
 13.03  0.69
 12.63  0.68
 12.24  0.72
 11.83  0.77
 11.45  0.74
 11.03  0.71
 10.65  0.80
 10.24  0.75
  9.87  0.81
  9.46  0.79
  9.04  0.77
  8.64  0.75
  8.23  0.72
  7.83  0.70
  7.43  0.68
  7.01  0.65
  6.61  0.62
  6.21  0.59
  5.80  0.56
  5.39  0.52
  4.99  0.49
  4.58  0.46
  4.16  0.42
  3.78  0.39
  3.36  0.35
  2.95  0.31
  2.54  0.29
  2.13  0.24
  1.74  0.19
  1.32  0.14
  0.91  0.08
  0.50  0.04
  0.09  0.02
 -0.32  0.00
 -0.72 -0.05
 -1.15 -0.12
 -1.56 -0.17
 -1.97 -0.22
 -2.35 -0.25
 -2.77 -0.30
 -3.18 -0.34
 -3.59 -0.37
 -4.00 -0.40
 -4.40 -0.44
 -4.82 -0.47
 -5.23 -0.51
 -5.63 -0.54
 -6.02 -0.57
