SD8020L4X.DAT;1
SD8020
WAGNER/OLSEN
40K  40823.
 alpha   Cl
 -6.17 -0.68
 -5.76 -0.64
 -5.36 -0.62
 -4.92 -0.59
 -4.53 -0.57
 -4.13 -0.54
 -3.72 -0.52
 -3.32 -0.48
 -2.90 -0.42
 -2.49 -0.37
 -2.10 -0.34
 -1.68 -0.29
 -1.27 -0.24
 -0.85 -0.22
 -0.44 -0.16
 -0.05 -0.12
  0.35 -0.11
  0.77 -0.08
  1.18 -0.05
  1.59 -0.03
  1.98 -0.01
  2.39  0.02
  2.79  0.05
  3.20  0.08
  3.60  0.12
  4.02  0.18
  4.43  0.25
  4.85  0.30
  5.24  0.33
  5.65  0.36
  6.05  0.37
  6.47  0.39
  6.87  0.41
  7.27  0.44
  7.68  0.44
  8.08  0.48
  8.49  0.48
  8.88  0.53
  9.30  0.55
  9.71  0.55
 10.11  0.58
 10.50  0.57
 10.90  0.58
 11.31  0.60
 11.70  0.61
 12.11  0.62
 12.51  0.62
 12.90  0.60
 13.31  0.63
 13.70  0.57
 14.09  0.55
 14.51  0.62
 14.89  0.60
 15.31  0.63
 15.71  0.63
 16.10  0.60
 16.50  0.57
 16.91  0.62
 17.30  0.59
 17.01  0.61
 16.61  0.57
 16.23  0.61
 15.81  0.59
 15.41  0.59
 15.02  0.59
 14.61  0.59
 14.19  0.56
 13.81  0.58
 13.41  0.60
 13.01  0.58
 12.59  0.52
 12.20  0.58
 11.81  0.58
 11.40  0.53
 11.01  0.55
 10.60  0.52
 10.19  0.52
  9.80  0.56
  9.40  0.53
  8.98  0.48
  8.61  0.51
  8.20  0.50
  7.79  0.49
  7.38  0.45
  6.99  0.45
  6.57  0.41
  6.16  0.38
  5.76  0.37
  5.36  0.34
  4.95  0.31
  4.55  0.29
  4.13  0.24
  3.73  0.19
  3.31  0.13
  2.90  0.05
  2.49  0.01
  2.07 -0.03
  1.68 -0.03
  1.26 -0.04
  0.89 -0.05
  0.45 -0.09
  0.07 -0.12
 -0.34 -0.16
 -0.76 -0.18
 -1.17 -0.22
 -1.58 -0.30
 -1.98 -0.33
 -2.40 -0.38
 -2.81 -0.42
 -3.19 -0.44
 -3.61 -0.47
 -4.02 -0.53
 -4.45 -0.54
 -4.82 -0.57
 -5.24 -0.62
 -5.66 -0.64
 -6.07 -0.64
