SPL100X.DAT;1
SPICA
C. ANDERSON
100K  99349.
 alpha   Cl
 -7.07 -0.33
 -6.68 -0.33
 -6.28 -0.33
 -5.88 -0.31
 -5.50 -0.32
 -5.07 -0.28
 -4.67 -0.24
 -4.27 -0.19
 -3.86 -0.15
 -3.44 -0.11
 -3.03 -0.05
 -2.63 -0.02
 -2.22  0.03
 -1.81  0.07
 -1.40  0.11
 -0.99  0.15
 -0.56  0.18
 -0.17  0.22
  0.25  0.26
  0.64  0.30
  1.06  0.33
  1.47  0.37
  1.85  0.41
  2.27  0.45
  2.69  0.48
  3.10  0.52
  3.50  0.56
  3.90  0.59
  4.32  0.62
  4.73  0.66
  5.12  0.70
  5.54  0.74
  5.96  0.77
  6.35  0.81
  6.75  0.86
  7.17  0.89
  7.58  0.93
  7.98  0.94
  8.39  0.99
  8.79  1.03
  9.20  1.05
  9.62  1.08
 10.02  1.14
 10.42  1.15
 10.82  1.17
 11.23  1.21
 11.65  1.23
 12.04  1.29
 12.45  1.31
 12.86  1.33
 13.28  1.36
 13.67  1.38
 14.07  1.41
 14.48  1.43
 14.88  1.43
 15.28  1.41
 15.67  1.41
 16.08  1.40
 16.47  1.38
 16.86  1.36
 17.26  1.36
 17.67  1.34
 18.05  1.32
 18.48  1.33
 18.85  1.31
 19.27  1.29
 19.66  1.28
 19.94  0.85
 20.38  0.88
 20.76  0.85
 21.15  0.88
 21.23  0.86
 20.86  0.89
 20.48  0.89
 20.08  0.88
 19.67  0.84
 19.27  0.88
 18.87  0.88
 18.47  0.87
 18.06  0.86
 17.69  1.03
 17.28  0.89
 16.86  0.91
 16.46  0.85
 16.07  0.89
 15.65  0.83
 15.26  0.80
 14.85  0.80
 14.45  0.79
 14.04  0.76
 13.65  0.79
 13.24  0.76
 12.84  0.74
 12.43  0.75
 12.05  0.76
 11.64  0.73
 11.24  0.73
 10.84  0.79
 10.49  0.91
 10.11  1.06
  9.70  1.08
  9.31  1.05
  8.91  1.03
  8.49  1.00
  8.08  0.95
  7.67  0.92
  7.27  0.88
  6.85  0.83
  6.46  0.79
  6.04  0.77
  5.64  0.73
  5.23  0.69
  4.83  0.66
  4.42  0.61
  4.00  0.58
  3.60  0.55
  3.19  0.51
  2.78  0.48
  2.39  0.44
  1.98  0.41
  1.56  0.36
  1.15  0.32
  0.75  0.29
  0.34  0.25
 -0.06  0.22
 -0.48  0.18
 -0.88  0.14
 -1.29  0.11
 -1.71  0.07
 -2.10  0.03
 -2.52 -0.01
 -2.93 -0.06
 -3.34 -0.10
 -3.73 -0.15
 -4.16 -0.19
 -4.55 -0.22
 -4.96 -0.27
 -5.38 -0.34
 -5.79 -0.37
 -6.18 -0.35
 -6.58 -0.34
 -6.98 -0.35
