SPL150X.DAT;1
SPICA
C. ANDERSON
150K  150743.
 alpha   Cl
 -7.10 -0.38
 -6.69 -0.36
 -6.29 -0.35
 -5.88 -0.34
 -5.49 -0.32
 -5.07 -0.29
 -4.67 -0.25
 -4.25 -0.22
 -3.84 -0.18
 -3.46 -0.13
 -3.04 -0.09
 -2.63 -0.04
 -2.22  0.00
 -1.81  0.05
 -1.40  0.09
 -1.00  0.13
 -0.59  0.17
 -0.17  0.21
  0.24  0.25
  0.65  0.29
  1.04  0.32
  1.45  0.36
  1.86  0.40
  2.28  0.46
  2.69  0.49
  3.09  0.53
  3.50  0.57
  3.92  0.61
  4.32  0.65
  4.73  0.68
  5.13  0.72
  5.53  0.76
  5.94  0.80
  6.37  0.84
  6.78  0.88
  7.17  0.91
  7.58  0.94
  7.99  0.98
  8.39  1.02
  8.80  1.06
  9.22  1.09
  9.62  1.13
 10.03  1.15
 10.43  1.19
 10.85  1.22
 11.25  1.26
 11.66  1.28
 12.05  1.31
 12.47  1.34
 12.87  1.37
 13.28  1.39
 13.69  1.41
 14.08  1.44
 14.47  1.44
 14.88  1.43
 15.28  1.40
 15.68  1.39
 16.06  1.39
 16.46  1.36
 16.88  1.36
 17.25  1.31
 17.66  1.32
 18.05  1.30
 18.45  1.31
 18.85  1.28
 19.26  1.30
 19.31  1.30
 18.94  1.29
 18.55  1.30
 18.16  1.28
 17.76  1.32
 17.37  1.33
 16.95  1.33
 16.57  1.36
 16.17  1.36
 15.77  1.38
 15.37  1.39
 14.98  1.41
 14.58  1.42
 14.18  1.43
 13.78  1.42
 13.39  1.40
 12.96  1.36
 12.56  1.34
 12.16  1.31
 11.75  1.28
 11.35  1.25
 10.94  1.21
 10.53  1.19
 10.12  1.15
  9.71  1.11
  9.32  1.09
  8.91  1.05
  8.51  1.02
  8.09  0.98
  7.69  0.94
  7.27  0.91
  6.86  0.87
  6.46  0.83
  6.05  0.80
  5.65  0.76
  5.25  0.72
  4.83  0.68
  4.43  0.64
  4.02  0.61
  3.60  0.57
  3.20  0.53
  2.79  0.49
  2.38  0.46
  1.97  0.41
  1.58  0.36
  1.14  0.32
  0.74  0.28
  0.34  0.24
 -0.08  0.20
 -0.49  0.17
 -0.88  0.13
 -1.30  0.09
 -1.71  0.05
 -2.11  0.01
 -2.53 -0.04
 -2.93 -0.08
 -3.33 -0.13
 -3.76 -0.17
 -4.17 -0.21
 -4.57 -0.25
 -4.97 -0.27
 -5.38 -0.30
 -5.80 -0.33
 -6.18 -0.34
 -6.59 -0.35
 -6.99 -0.35
