SPL80X.DAT;1
SPICA
C. ANDERSON
80K  79299.
 alpha   Cl
 -7.09 -0.33
 -6.69 -0.32
 -6.29 -0.33
 -5.89 -0.33
 -5.49 -0.31
 -5.07 -0.30
 -4.67 -0.28
 -4.25 -0.23
 -3.84 -0.15
 -3.44 -0.11
 -3.03 -0.06
 -2.62 -0.01
 -2.21  0.03
 -1.80  0.08
 -1.38  0.11
 -0.99  0.15
 -0.57  0.19
 -0.17  0.23
  0.25  0.26
  0.64  0.30
  1.05  0.33
  1.45  0.37
  1.87  0.41
  2.28  0.44
  2.69  0.48
  3.10  0.52
  3.50  0.55
  3.91  0.56
  4.31  0.60
  4.72  0.62
  5.12  0.67
  5.53  0.68
  5.94  0.73
  6.34  0.78
  6.75  0.81
  7.16  0.85
  7.55  0.86
  7.97  0.91
  8.39  0.94
  8.78  0.97
  9.20  1.00
  9.60  1.03
 10.01  1.07
 10.42  1.10
 10.82  1.13
 11.22  1.14
 11.63  1.16
 12.05  1.22
 12.43  1.23
 12.84  1.27
 13.26  1.29
 13.65  1.33
 14.06  1.33
 14.46  1.34
 14.85  1.35
 15.26  1.33
 15.66  1.36
 16.06  1.37
 16.47  1.36
 16.86  1.34
 17.27  1.35
 17.66  1.32
 18.07  1.32
 18.36  0.85
 18.75  0.82
 19.14  0.83
 19.54  0.82
 19.96  0.88
 20.37  0.83
 20.80  0.91
 21.18  0.93
 21.23  0.91
 20.88  0.88
 20.50  0.90
 20.06  0.85
 19.66  0.83
 19.28  0.85
 18.85  0.79
 18.46  0.79
 18.05  0.82
 17.66  0.79
 17.25  0.77
 16.85  0.76
 16.45  0.75
 16.04  0.74
 15.63  0.73
 15.24  0.77
 14.85  0.74
 14.43  0.72
 14.04  0.73
 13.65  0.71
 13.24  0.75
 12.83  0.68
 12.43  0.69
 12.04  0.71
 11.63  0.68
 11.22  0.65
 10.82  0.63
 10.41  0.62
 10.03  0.66
  9.65  0.76
  9.26  0.77
  8.88  0.96
  8.48  0.92
  8.07  0.88
  7.66  0.85
  7.26  0.83
  6.84  0.78
  6.45  0.75
  6.04  0.71
  5.63  0.68
  5.23  0.64
  4.81  0.61
  4.41  0.57
  4.00  0.54
  3.59  0.51
  3.19  0.48
  2.79  0.46
  2.37  0.43
  1.96  0.39
  1.57  0.35
  1.16  0.31
  0.73  0.28
  0.33  0.24
 -0.08  0.21
 -0.47  0.17
 -0.89  0.14
 -1.29  0.09
 -1.70  0.06
 -2.10  0.02
 -2.51 -0.02
 -2.94 -0.06
 -3.33 -0.10
 -3.74 -0.16
 -4.16 -0.21
 -4.56 -0.25
 -4.97 -0.32
 -5.37 -0.30
 -5.77 -0.32
 -6.18 -0.32
 -6.59 -0.33
 -6.97 -0.29
