WB135L60X.DAT;1
WB135/35
BLANCHARD
60K  60025.
 alpha   Cl
 -4.04 -0.14
 -3.65 -0.10
 -3.23 -0.06
 -2.83 -0.02
 -2.40  0.02
 -2.01  0.09
 -1.60  0.14
 -1.17  0.18
 -0.77  0.23
 -0.37  0.29
  0.04  0.32
  0.47  0.37
  0.87  0.42
  1.28  0.45
  1.70  0.49
  2.10  0.52
  2.50  0.56
  2.91  0.58
  3.31  0.62
  3.72  0.67
  4.14  0.71
  4.54  0.72
  4.95  0.76
  5.35  0.76
  5.76  0.80
  6.16  0.83
  6.57  0.86
  6.96  0.89
  7.37  0.92
  7.78  0.94
  8.19  0.97
  8.59  1.01
  9.01  1.04
  9.41  1.08
  9.81  1.08
 10.22  1.13
 10.62  1.15
 11.02  1.16
 11.43  1.20
 11.83  1.21
 12.24  1.20
 12.63  1.18
 13.03  1.20
 13.44  1.17
 13.83  1.20
 14.23  1.18
 14.61  1.17
 15.04  1.18
 15.42  1.13
 15.76  0.84
 16.18  0.94
 16.56  0.84
 16.94  0.75
 17.36  0.78
 17.77  0.86
 18.17  0.87
 18.20  0.84
 17.87  0.81
 17.47  0.84
 17.05  0.84
 16.75  1.23
 16.25  0.83
 15.95  1.22
 15.47  0.83
 15.07  0.91
 14.75  1.20
 14.33  1.20
 13.94  1.19
 13.55  1.23
 13.11  1.10
 12.73  1.16
 12.33  1.22
 11.94  1.21
 11.54  1.22
 11.13  1.21
 10.73  1.16
 10.32  1.14
  9.91  1.12
  9.50  1.07
  9.10  1.03
  8.69  0.99
  8.29  0.99
  7.88  0.96
  7.48  0.93
  7.07  0.90
  6.67  0.89
  6.26  0.85
  5.86  0.84
  5.46  0.82
  5.06  0.80
  4.65  0.76
  4.23  0.72
  3.84  0.70
  3.42  0.65
  3.02  0.63
  2.62  0.58
  2.21  0.56
  1.79  0.50
  1.38  0.45
  0.97  0.40
  0.56  0.35
  0.16  0.32
 -0.27  0.27
 -0.67  0.22
 -1.06  0.19
 -1.49  0.16
 -1.88  0.11
 -2.30  0.05
 -2.70  0.01
 -3.11 -0.06
 -3.53 -0.06
 -3.93 -0.11
