WB135L1X.DAT;1
WB135/35
BLANCHARD
100K  101095.
 alpha   Cl
 -4.02 -0.04
 -3.62  0.01
 -3.21  0.06
 -2.79  0.11
 -2.40  0.15
 -1.97  0.19
 -1.57  0.22
 -1.18  0.26
 -0.75  0.29
 -0.35  0.33
  0.07  0.37
  0.47  0.41
  0.88  0.46
  1.29  0.50
  1.69  0.54
  2.10  0.58
  2.51  0.62
  2.92  0.66
  3.33  0.69
  3.75  0.73
  4.14  0.76
  4.56  0.81
  4.96  0.84
  5.36  0.87
  5.77  0.91
  6.18  0.94
  6.58  0.98
  7.00  1.01
  7.40  1.05
  7.81  1.08
  8.21  1.10
  8.62  1.14
  9.04  1.17
  9.42  1.19
  9.84  1.23
 10.25  1.26
 10.65  1.26
 11.04  1.27
 11.45  1.24
 11.83  1.21
 12.24  1.19
 12.64  1.20
 13.03  1.20
 13.43  1.18
 13.82  1.17
 14.24  1.17
 14.63  1.18
 15.03  1.17
 15.42  1.17
 15.82  1.17
 16.19  0.94
 16.57  0.90
 16.96  0.86
 17.37  0.87
 17.78  0.89
 18.17  0.89
 18.19  0.83
 17.88  0.93
 17.49  0.91
 17.06  0.85
 16.67  0.90
 16.28  0.92
 15.86  0.91
 15.52  1.17
 15.12  1.16
 14.73  1.17
 14.32  1.17
 13.93  1.19
 13.53  1.19
 13.13  1.20
 12.74  1.19
 12.34  1.21
 11.95  1.23
 11.54  1.23
 11.15  1.24
 10.74  1.24
 10.34  1.25
  9.94  1.23
  9.53  1.20
  9.14  1.18
  8.73  1.14
  8.32  1.12
  7.91  1.09
  7.50  1.05
  7.10  1.02
  6.69  0.99
  6.28  0.95
  5.87  0.92
  5.48  0.88
  5.06  0.85
  4.66  0.81
  4.25  0.77
  3.84  0.74
  3.43  0.70
  3.03  0.67
  2.62  0.62
  2.21  0.60
  1.80  0.55
  1.39  0.51
  0.99  0.48
  0.57  0.43
  0.16  0.39
 -0.24  0.34
 -0.65  0.31
 -1.06  0.27
 -1.45  0.23
 -1.87  0.19
 -2.28  0.16
 -2.68  0.12
 -3.09  0.07
 -3.50  0.02
 -3.91 -0.02
