WB135L80X.DAT;1
WB135/35
BLANCHARD
80K  82026.
 alpha   Cl
 -4.04 -0.10
 -3.62 -0.04
 -3.22  0.02
 -2.82  0.07
 -2.40  0.12
 -1.99  0.18
 -1.57  0.23
 -1.17  0.27
 -0.75  0.31
 -0.34  0.35
  0.06  0.38
  0.47  0.43
  0.88  0.47
  1.29  0.50
  1.70  0.54
  2.10  0.58
  2.52  0.62
  2.91  0.65
  3.33  0.69
  3.73  0.72
  4.15  0.76
  4.54  0.79
  4.95  0.83
  5.36  0.86
  5.77  0.89
  6.17  0.93
  6.59  0.97
  7.00  1.00
  7.40  1.03
  7.80  1.06
  8.21  1.09
  8.62  1.11
  9.03  1.15
  9.43  1.16
  9.84  1.20
 10.23  1.24
 10.65  1.27
 11.05  1.27
 11.45  1.26
 11.85  1.23
 12.24  1.25
 12.64  1.25
 13.04  1.22
 13.44  1.21
 13.84  1.19
 14.23  1.21
 14.63  1.20
 15.04  1.18
 15.41  1.17
 15.82  1.14
 16.23  1.14
 16.57  0.96
 16.96  0.89
 17.36  0.85
 17.77  0.91
 18.16  0.88
 18.23  0.93
 17.87  0.88
 17.46  0.81
 17.08  0.86
 16.72  1.01
 16.28  0.93
 15.94  1.19
 15.53  1.18
 15.14  1.18
 14.73  1.20
 14.34  1.19
 13.94  1.20
 13.55  1.22
 13.14  1.25
 12.74  1.24
 12.35  1.25
 11.95  1.25
 11.54  1.26
 11.15  1.27
 10.75  1.27
 10.34  1.26
  9.93  1.21
  9.53  1.20
  9.14  1.16
  8.73  1.13
  8.31  1.11
  7.92  1.08
  7.50  1.05
  7.10  1.00
  6.69  0.98
  6.27  0.95
  5.88  0.92
  5.47  0.87
  5.06  0.84
  4.65  0.80
  4.24  0.76
  3.85  0.74
  3.43  0.69
  3.02  0.66
  2.62  0.63
  2.20  0.58
  1.80  0.53
  1.40  0.51
  0.98  0.46
  0.56  0.43
  0.16  0.39
 -0.24  0.36
 -0.66  0.31
 -1.06  0.27
 -1.47  0.24
 -1.86  0.20
 -2.27  0.15
 -2.69  0.10
 -3.10  0.06
 -3.51  0.00
 -3.92 -0.06
