WB135L40X.DAT;1
WB135/35
BLANCHARD
40K  39067.
 alpha   Cl
 -4.08 -0.24
 -3.66 -0.23
 -3.26 -0.21
 -2.85 -0.11
 -2.42 -0.09
 -2.04 -0.07
 -1.61  0.03
 -1.20  0.05
 -0.78  0.17
 -0.37  0.23
  0.05  0.27
  0.44  0.30
  0.85  0.31
  1.23  0.30
  1.67  0.34
  2.08  0.44
  2.47  0.41
  2.88  0.48
  3.29  0.53
  3.70  0.55
  4.12  0.66
  4.53  0.67
  4.93  0.67
  5.33  0.77
  5.75  0.78
  6.14  0.79
  6.53  0.72
  6.96  0.87
  7.35  0.77
  7.77  0.86
  8.15  0.77
  8.53  0.68
  8.99  0.97
  9.39  0.99
  9.81  1.07
 10.18  0.94
 10.54  0.78
 10.91  0.61
 11.33  0.71
 11.75  0.79
 12.13  0.71
 12.53  0.72
 12.95  0.80
 13.36  0.89
 13.78  0.92
 14.18  0.95
 14.60  1.07
 14.94  0.73
 15.37  0.91
 15.79  0.96
 16.19  0.91
 16.56  0.87
 16.96  0.82
 17.35  0.79
 17.77  0.91
 18.21  1.09
 18.21  0.83
 17.87  0.83
 17.47  0.98
 17.12  1.07
 16.67  0.89
 16.25  0.85
 15.85  0.82
 15.49  1.03
 15.06  0.88
 14.73  1.18
 14.33  1.17
 13.93  1.16
 13.51  1.11
 13.13  1.13
 12.64  0.77
 12.32  1.11
 11.90  1.07
 11.53  1.15
 11.06  0.83
 10.63  0.72
 10.25  0.81
  9.85  0.83
  9.50  1.02
  9.03  0.74
  8.65  0.83
  8.25  0.80
  7.84  0.79
  7.44  0.79
  7.02  0.64
  6.62  0.64
  6.22  0.68
  5.84  0.73
  5.45  0.73
  5.04  0.74
  4.60  0.56
  4.22  0.62
  3.80  0.55
  3.41  0.60
  2.99  0.50
  2.59  0.54
  2.19  0.52
  1.78  0.45
  1.37  0.47
  0.96  0.35
  0.55  0.38
  0.14  0.27
 -0.28  0.24
 -0.68  0.17
 -1.11  0.05
 -1.52  0.04
 -1.92 -0.07
 -2.34 -0.07
 -2.73 -0.11
 -3.17 -0.20
 -3.56 -0.21
 -3.96 -0.27
